Total distance: 66664.51
Trade routes:
0 2797
0 374
374 1034
374 1419
1034 1212
0 2493
1962 2493
64 1962
1219 2493
1219 4488
4182 4488
1219 3731
374 2652
2652 4255
1212 4623
2729 4623
1713 4623
2841 4623
446 2841
1194 2841
1088 2841
1479 2841
1117 2841
1117 3247
674 3247
3247 4091
362 1117
674 3486
862 3486
783 862
783 3788
72 3788
1191 3788
1407 3788
72 4998
1080 3788
1080 4099
1080 2979
1080 1958
1958 4022
1777 1958
1777 4632
1777 2571
318 1958
2503 2571
2503 3805
1327 3805
2077 3805
2077 3053
1613 3053
1613 4140
1613 3052
3052 3217
1613 2624
3052 3257
325 3257
325 4169
325 2353
2353 4378
2526 4378
3204 4378
2212 3204
3204 3917
3917 4943
1601 4943
318 4145
4096 4145
1468 4096
1947 4096
798 1947
798 1342
1342 3398
1854 4096
1854 3070
520 1613
520 1369
1369 2973
2973 4913
1369 4809
4732 4809
786 4732
683 4809
786 3305
786 3988
1369 2382
2229 2382
2229 3273
1472 2229
673 1472
673 1322
1322 2867
308 2867
715 2867
78 715
715 1002
2572 3273
1002 1464
264 1464
264 3676
3676 4909
3557 3676
962 3557
962 4449
962 3479
3015 3479
1916 4449
174 3479
174 925
925 3302
1472 2132
2132 4903
1421 3676
1421 2954
2954 4811
2954 3316
1421 2577
2577 3181
1421 4858
3672 4858
3672 3678
1421 2614
2867 3415
2272 3415
2272 3249
2272 4657
3917 3921
2587 3398
462 2272
918 2587
1711 4182
1711 4759
1706 4759
1706 2003
691 2003
462 4118
672 4255
985 1002
3302 3347
1935 3347
1621 3347
1935 2986
1935 3279
2234 3279
2234 3329
783 993
1560 2954
1219 3859
3859 4346
4346 4838
3564 4346
2334 3859
1546 3564
2334 2854
1079 2854
2854 4773
3113 3672
478 3113
478 3838
478 1076
1076 2476
3838 3890
1817 3113
2256 3890
2256 3126
1817 2228
2228 3778
1443 3778
932 3778
30 932
1056 3778
1056 3382
2965 3382
3382 4694
2381 2965
1856 3382
1856 4290
1228 4290
1856 3855
331 4290
1056 3307
829 3126
829 4399
1064 4399
455 1064
812 1064
455 4934
455 2463
1064 2188
812 3697
2463 3262
455 2479
2479 3063
2007 3855
3697 4323
3375 4323
1303 3375
1033 1303
293 1033
1121 3375
121 1121
121 1890
1121 2439
855 1890
855 3628
1023 3628
1023 3826
700 1890
1121 3852
1698 3852
1698 3813
1143 3813
1143 1841
1841 3160
3160 4026
1143 2385
2385 3623
600 2385
600 4430
3441 4430
600 2157
2157 3367
600 4203
255 1023
2235 3852
255 382
382 558
558 570
558 3651
835 3651
835 3929
835 1020
1020 1786
2983 3651
1020 4066
1062 4066
1062 3345
321 1062
1049 4066
1030 1049
1030 2397
2397 4894
2015 4894
353 4894
1049 2156
2397 3168
3168 3666
2449 3666
2449 2920
2920 3285
1140 2449
1132 1140
1132 4117
1231 4117
173 1231
1882 3345
382 4529
487 4529
1614 4529
1614 3405
1786 2010
1140 2065
1224 2065
2065 3880
959 3880
959 2776
2776 3312
3312 4086
2776 4674
1841 3513
1484 3513
716 1484
1961 3513
1961 3659
3659 4317
4211 4317
716 1981
1981 2521
485 2521
1492 2521
2521 3650
3650 4607
2776 3992
3992 4898
4532 4898
2131 4898
3992 4911
2533 4898
3312 3610
570 967
1035 2157
1035 2004
1035 3870
2142 3870
2142 4922
2419 4922
2419 3850
531 3850
3850 4969
3953 4969
4338 4969
1536 2419
220 3953
1536 1879
571 3312
571 4818
571 1178
700 3758
1303 3226
386 3226
220 3867
2069 3867
220 3131
3338 4290
1346 4290
1159 1346
1159 3454
3454 4766
900 4766
900 1086
2451 3454
2451 2618
1592 2618
1592 4867
3141 4867
2451 3423
1159 1814
1814 4797
1814 2388
1346 1382
1592 1732
3551 4797
3551 3673
1110 3551
1110 4513
952 2235
952 3570
3226 3748
3748 3862
3862 4043
711 4043
603 711
459 2131
459 3189
3189 4820
2284 4820
3125 4820
1263 3189
1263 2847
4622 4820
3968 4820
2830 4820
1769 2830
31 2830
2830 4912
4401 4912
2830 4246
722 4246
4246 4611
722 3318
195 3318
195 521
521 3112
521 2199
2199 2638
2638 3472
1806 3472
26 1806
26 4243
2202 3472
26 4451
269 4451
269 2910
882 2638
155 882
155 4685
4685 4984
742 4984
882 1567
1567 4576
2955 4576
1454 2955
2955 3603
916 3603
916 946
916 3408
1529 3408
2061 3408
1238 1529
26 235
975 3603
975 3157
326 3157
326 3802
269 937
937 4869
1635 4869
1635 2508
203 2508
203 2619
604 2619
604 632
632 4908
3491 4869
1804 3491
1804 4531
1657 1804
1804 3517
1085 3517
3081 3517
3081 4663
3022 3517
3022 4042
3022 3933
2059 3022
20 2059
183 2059
94 183
1567 4455
4189 4455
4189 4786
1826 4786
1826 4728
1826 2248
3220 4728
930 4728
304 930
930 2365
742 778
778 4005
1402 4005
1635 4158
3430 4158
2488 4685
466 4158
466 4426
3330 4426
3130 3330
326 844
844 2703
1797 2703
1172 1797
1172 4186
2289 4186
1797 3814
693 3814
2185 2703
693 3166
907 3166
2182 3814
2182 2846
584 3166
1172 3317
1122 3317
46 3317
46 3266
46 307
307 4225
1257 4225
226 4225
46 2861
2861 4545
176 4545
2861 4881
1516 4881
2861 3896
395 4545
3081 3831
2763 3831
286 2763
286 4975
4092 4975
2013 4092
286 3495
792 4975
792 1253
3019 4984
159 459
159 2395
2395 3304
1515 2395
1380 1515
1515 4951
2147 4951
2147 3244
2147 2844
1160 2844
719 2395
719 4348
719 3184
719 864
2844 3489
3489 3686
1623 3686
3489 4237
4237 4962
2931 4962
4237 4650
871 4650
3658 4650
1183 3658
1883 4650
1883 4421
1883 3377
915 1183
915 1748
1748 2865
1748 4484
915 2510
869 2510
574 2510
2865 4892
4261 4892
365 2510
365 4905
365 3492
1410 3492
1410 2835
2835 4475
1410 4278
2883 4278
1931 4475
874 1931
2835 4495
3897 4495
2658 3897
3897 3923
3310 3923
3310 3837
42 3837
42 3974
3974 4419
675 3974
3974 4964
1424 4419
1424 4469
3539 3897
135 874
135 2593
1166 2593
1166 4443
2588 4443
3884 4443
3884 3936
1754 3936
655 3884
655 3503
1724 3503
1724 3559
3559 3966
1950 3503
1950 2574
1724 2771
1306 1724
288 1306
2384 2588
2384 3074
1950 4088
1499 4088
1499 3563
1237 1499
34 1237
1880 3563
1415 4088
2218 3563
2218 2779
288 2335
935 2335
2335 2691
2691 2810
1031 2691
1031 1491
2691 3170
1997 3170
1997 4857
4606 4857
1586 4606
1261 1586
1379 1997
1390 1997
3894 4419
256 3894
256 3608
256 504
256 3186
256 741
575 741
575 4293
792 3804
2196 4905
2196 4316
401 4316
401 3834
2869 4316
871 1456
2957 3804
2957 3671
3179 3671
3179 3987
2039 3987
732 3671
1855 3987
2942 3179
2942 4160
1511 4160
483 1511
483 1066
1066 2111
3493 4160
3493 3797
732 2115
483 3350
2111 2425
2105 2425
2105 4963
484 2105
484 3605
761 3605
761 4700
3494 3605
2887 4700
35 2887
35 3427
90 3427
90 4067
823 3427
512 2887
512 1625
35 569
3821 4067
3803 3821
2606 3821
2296 3803
35 1406
2296 2480
761 2803
1370 2296
1370 2764
2764 4230
172 4230
2128 3803
2764 2952
18 2952
2460 2952
18 3717
104 3717
104 514
514 1945
104 2327
61 104
3185 3717
1377 3185
416 1377
416 2738
416 4906
2089 4906
3854 4906
1164 3185
4216 4963
1348 4216
61 2565
2565 3584
271 2565
271 4884
260 4884
271 2213
420 2213
420 4224
1493 4224
1493 3147
1428 4224
1428 4714
3042 4714
3785 4714
625 3785
625 4764
625 2467
4053 4714
2825 4053
2989 3494
2989 4250
573 4250
573 1266
1266 2774
4250 4550
973 1266
2989 4689
4608 4689
2309 4608
2309 3169
2263 2774
2263 3747
254 3747
2456 3747
723 2456
37 3747
913 3747
913 4471
4471 4780
4471 4569
976 4569
2167 4569
441 723
441 1313
1313 1722
944 1722
875 4569
875 1694
875 1038
974 1038
974 3045
2896 3045
452 3045
974 1234
875 4110
218 4110
1038 1534
1534 4050
723 2342
4550 4615
473 4615
473 2941
2941 4422
1250 3147
167 4615
167 2716
2514 4963
473 2673
2309 3090
668 1722
668 2415
1138 1313
1138 1297
1297 3059
2095 3059
819 2095
819 827
819 1205
1205 4827
1156 1205
1156 2532
1205 4004
833 4827
4004 4823
3418 4216
1813 3418
1813 2689
893 2689
893 1021
905 1021
4005 4624
1439 4624
1439 2119
625 4385
1152 1261
1152 1294
1294 1745
1745 3003
1189 1745
419 3003
419 1972
419 2917
2917 4878
3003 3451
3451 4807
735 3451
1180 3451
735 3289
295 2917
2825 4631
1529 1648
1395 1648
1395 2158
1151 1395
120 1395
120 4209
4209 4779
1665 4779
107 4779
107 3632
3632 3674
1061 3674
431 1061
431 3320
1061 1200
1200 1217
3320 4210
2298 4210
2298 2329
1283 2298
1283 1295
911 4210
641 2298
3599 4210
641 3155
3155 4072
259 3155
498 4072
498 1889
1889 2634
2634 4423
259 468
468 4236
2339 4236
4236 4681
4245 4681
3465 4245
3691 4681
2914 3691
3500 3691
3500 3723
3723 4030
3363 3723
2338 3723
1240 2338
429 1240
2991 4245
185 2991
1640 3465
109 429
1386 2339
1386 3961
3633 3691
3633 4747
456 3633
249 4747
249 1480
426 456
2782 4747
364 2782
364 3752
364 518
518 4259
518 3560
1766 3560
1307 3560
1307 2140
627 1307
627 3571
3370 3571
1389 3571
847 3370
627 963
888 4423
888 2968
1929 2968
1577 1929
3560 3620
1455 3620
1455 2303
80 2303
80 3830
3218 3830
3218 4045
666 4045
666 2219
3399 3830
666 2766
2766 4801
2998 4801
2832 2998
341 2766
3040 4801
2853 3040
2811 3040
1589 3040
1589 3435
1089 3040
2853 3745
1687 3745
1589 2543
2998 4946
1217 2230
2230 2709
1404 3599
1018 2013
3609 3674
1978 3370
1978 2330
394 2330
178 963
221 2384
221 3091
2363 3091
3091 3643
3120 3643
1811 3120
221 1340
2363 4863
1326 4863
2749 4863
1811 3236
2081 4863
784 3120
784 4940
2785 4940
2785 4547
2848 3236
2848 4722
438 2749
438 820
438 4593
2081 3900
552 1160
552 3420
3420 3842
3842 4228
98 4228
1276 4228
1441 3420
999 1441
999 3660
3660 3963
2154 3963
353 4106
873 4106
649 873
649 3298
456 3957
1651 3957
4482 4823
1765 4482
1602 4482
385 1602
359 1602
359 2919
4185 4482
359 2189
359 3910
2812 3910
3038 3910
3910 4950
801 2812
801 2621
1323 1765
1323 3446
389 3446
389 3219
389 3700
1323 2926
389 4888
3912 4888
697 4888
697 3919
355 697
117 355
3919 4508
198 4508
2203 3912
2417 3919
2417 3519
1283 1773
2330 2651
2651 4376
2131 3573
171 385
171 2607
1396 2607
475 2607
475 4390
3458 4390
171 3680
1179 3680
1179 3224
351 3224
239 351
1051 4390
1051 2413
2413 4612
708 4612
708 1741
2413 3640
1741 3888
3482 3888
1506 3482
1506 4119
1506 4583
2097 4583
3991 4583
2307 3991
2889 4583
137 2889
137 1260
3482 3989
1260 4131
2307 4461
2889 4505
2837 4505
2837 4229
756 4229
1788 2837
756 3012
2297 4505
1465 2297
1465 4654
1260 3641
1864 4053
711 2431
964 2431
884 2532
2926 3649
1380 3999
2736 3830
1776 2736
2156 4683
1981 4687
4510 4687
565 4510
565 922
565 4971
1119 2069
1119 2882
2882 3119
1708 3119
1708 3362
2790 3119
3362 4953
576 4953
576 3271
576 755
755 897
897 3642
576 4917
210 897
897 2732
572 2732
2732 3975
3975 4803
210 3457
523 3457
523 2648
1910 3457
576 3848
383 3848
383 4172
4172 4200
4172 4446
3810 4446
3810 4968
3161 4200
36 4968
36 3154
36 3791
3121 3791
3121 3538
2245 3121
2245 3764
2245 4978
567 4978
816 2245
2484 4978
2016 3764
1383 2016
2016 3824
1918 2484
1918 4247
190 4247
190 3924
2489 3924
190 639
2464 2489
190 3297
3297 4729
3516 4729
3581 4729
408 3519
408 4138
958 1651
958 2617
357 2617
958 1184
2364 4807
2364 2988
2083 2364
1655 2988
1655 4802
1631 4802
1631 3949
1631 2020
2020 4025
2546 4025
936 4025
2020 3355
2020 2563
2171 2563
2746 4025
832 2746
832 4539
2171 4587
2625 4587
2625 2963
593 2963
936 3702
2746 4416
1134 4416
593 4114
3048 4114
2171 4856
1697 4856
883 1697
2359 4856
1624 2359
3796 4856
2359 2406
2255 2406
2239 2255
424 2255
424 3769
1904 4539
1622 1904
2704 3048
2704 4480
424 3140
606 2406
606 3073
2445 3073
606 4602
3073 4552
472 4552
472 1562
4552 4616
472 3565
2043 3565
65 3565
65 2222
380 2222
2222 4298
65 4196
4196 4932
4125 4932
2153 4196
2153 3379
3379 3502
3379 3393
3502 4384
2806 3379
679 3502
679 1146
1620 3502
704 4616
658 704
704 2072
2359 3270
3270 3293
2083 4762
279 2083
279 4755
2718 4755
227 2718
227 2921
250 4755
250 3801
2677 3801
250 3172
237 2718
237 4003
237 564
3296 3801
3256 3296
2214 3296
2912 3296
3165 3296
160 2214
1508 3256
2496 2912
1508 3832
953 3832
953 3050
160 177
564 2735
2735 4094
2517 4094
156 2517
3072 4094
2517 4089
2153 3688
804 2214
2696 3688
160 1596
1596 4052
1596 2023
28 2023
28 197
2696 4192
1218 4298
1218 2982
92 1218
2982 3228
2058 3228
2773 3228
2773 3964
503 3964
2120 2773
2120 3770
2058 4036
3598 3745
3043 3598
166 3043
1154 3598
1154 2715
1886 2715
1886 4462
449 4462
449 3526
449 4831
2715 4486
1781 4486
802 1781
802 4084
4084 4126
2742 4831
4126 4517
1847 4517
1847 3908
2702 3908
2702 3016
664 3016
3908 4269
1349 3016
1349 2232
509 1847
2232 3932
669 3932
669 3520
2038 3520
509 1157
1157 3588
3588 3818
2110 3818
1422 3818
245 1422
1422 1849
1476 1849
1476 3907
3907 4381
1476 4135
3993 4135
1858 3993
1046 1858
1858 2278
437 2278
437 3336
1977 3993
1977 2690
2453 2690
1339 2453
1339 1497
1243 1339
194 1847
194 4512
194 1288
194 1010
1010 3021
1010 2627
582 2627
743 2627
2627 4630
2009 4630
1010 3497
1674 3497
848 2038
848 1871
1674 3026
802 2174
2174 3095
1778 3095
1778 2492
1432 2492
1554 2492
187 1554
1554 3535
1778 2312
549 2312
549 3950
599 3950
599 752
752 3327
428 3327
752 3935
1871 3586
1077 1243
4831 4860
2322 2492
2322 3313
542 2174
1093 2453
1093 3041
710 3041
710 4137
710 2261
2261 2670
212 2261
214 2670
214 305
214 4464
305 1675
710 1274
317 1274
1046 2051
2051 4021
590 4021
1368 4464
1368 3692
2597 3692
903 2597
1639 2597
1412 1639
1412 4521
1412 4524
1412 2331
2331 4134
2748 4134
2739 2748
2748 4149
1828 4149
2728 2739
1481 2748
1207 1481
370 1207
1481 1682
370 4071
1399 4071
1399 1470
1470 4370
1541 3692
287 1541
287 4341
287 2683
2266 2683
287 866
287 3344
1693 3344
737 1693
652 1693
652 2056
611 2056
611 4825
150 4825
611 1846
694 1846
1846 3332
2130 3332
2130 3080
2721 3080
258 3080
258 292
292 4926
1298 4926
1298 1802
1510 1802
737 796
796 927
927 2569
49 927
49 4420
2569 4509
38 4509
3431 4420
620 3431
2640 3431
49 2688
1802 2929
2929 4184
1668 4184
1659 1668
892 4184
892 1512
1659 2798
2798 4813
2798 4080
1329 4184
1329 4724
892 2682
2035 4080
1094 2035
2130 2192
892 2241
95 1298
95 4309
2176 4309
17 95
17 4047
2176 4380
826 4309
826 3023
826 4409
951 4409
287 687
687 4340
951 4918
1095 4918
1095 2753
2753 4439
3647 4439
3647 4353
2281 4353
1022 1095
1022 3239
3647 4144
4144 4588
1374 2721
421 1541
1556 4144
1556 2894
2576 2894
1556 3528
2281 4398
2281 3853
1374 4040
1214 4040
1214 3235
3235 4702
251 4702
251 760
760 3705
2206 3705
251 4790
163 4790
251 4015
633 4790
633 1190
4015 4796
3904 4796
1214 3144
737 4715
2274 4715
2066 4715
1262 2066
1067 4439
11 4439
11 1115
1115 2540
11 3114
1115 2411
1115 4076
557 4076
2035 4989
312 4989
312 3944
866 4345
2066 4543
1016 4724
643 1016
643 1304
1304 2045
2045 3607
2800 3607
910 2800
910 2668
2668 4270
2668 2960
2519 2960
1293 2668
1293 4171
1293 1572
1467 1572
3198 4171
2265 3198
2494 4171
2494 3129
2494 3709
1017 3709
1017 1528
1528 4000
4000 4691
4691 4804
2433 4804
1017 3024
2306 3024
2306 3205
2306 3833
2045 3839
3721 3839
3721 4783
50 3721
50 2079
460 2079
460 3819
100 3819
100 789
1853 3839
1853 3167
306 3167
1853 3175
3175 3233
2483 3233
1853 1946
789 3369
51 3369
51 3841
3841 4414
1041 4414
1041 2362
1041 1213
1213 4444
2705 3839
955 2705
103 955
103 4369
76 103
76 2778
2494 4474
1809 4474
1689 4474
4474 4933
1213 1607
770 2778
1689 4233
2009 4181
1077 4008
460 3299
3299 3825
2009 2217
1028 2217
1028 1471
1471 3879
1028 4727
2567 4727
2987 4727
3534 4727
1731 2217
1731 4849
1731 3845
3845 4554
1282 4554
3845 4046
2881 4046
2881 4178
1282 1517
350 2987
350 369
369 2950
2194 2950
369 2216
2194 4175
2697 2950
2697 4368
2523 2697
2523 3872
369 4349
3481 4349
636 4349
510 636
320 510
320 779
4349 4635
1282 1911
1911 4057
4057 4815
21 4815
21 2018
3530 4815
2018 4499
3836 4815
3056 3836
1897 3056
2495 3056
842 1897
2813 3056
495 4499
495 4638
4267 4638
3049 4267
3049 3098
3098 3742
2600 3742
3360 4057
320 4541
3755 4541
3895 4175
2062 4349
750 2062
750 3827
2655 3827
750 2838
750 3455
560 3455
2710 3455
345 2710
2710 4112
345 4024
3995 4112
3995 4441
4318 4441
1737 4318
1737 3234
2816 3234
1318 2816
1318 4781
1540 4781
1737 3562
1540 2285
63 2285
13 1540
2390 2523
317 3858
2034 2690
2005 2034
2005 3511
32 3511
32 4859
32 3577
3511 4745
400 4745
3918 4745
3384 4745
1629 4745
896 3918
896 2482
1109 2482
1109 1957
805 1109
397 805
805 1763
1360 1957
1629 3192
2016 2198
384 2198
637 2198
637 3351
3194 3351
3194 3621
143 3351
143 3636
143 2276
1971 2276
688 2276
2276 3182
688 4281
2472 4281
2227 2472
296 2472
296 1084
296 3567
143 3604
2531 3621
1968 2531
1084 4232
1595 4232
1595 3768
1141 3768
1141 4890
1141 1315
4778 4890
1932 3768
263 1932
127 263
127 839
839 1083
839 3648
2358 3648
1829 3648
738 839
479 738
479 917
825 917
118 917
118 2686
825 4179
141 825
40 118
4263 4778
1650 4263
4263 4392
118 2781
2178 2781
1025 2178
1025 4351
1662 4351
654 4351
654 2075
654 2591
2781 3669
2075 3668
1212 1721
1780 2806
2047 4657
1732 2291
217 2291
1655 2506
737 2684
461 3688
461 1597
461 1445
1445 2074
2074 2895
1445 4061
2474 4061
3248 4061
3248 4231
257 4231
257 4774
2556 3248
133 461
763 1399
763 2907
2864 2907
2864 4410
1091 4410
354 1091
1091 4572
1980 4410
1980 4002
1686 1980
1686 1768
1686 3105
1684 3105
2985 4002
2985 4295
4122 4295
2985 3646
1692 3646
1692 1895
440 1895
1895 4222
621 4222
992 4222
1686 3914
2862 3914
2012 2862
2012 3158
621 3903
2459 3903
3868 3914
588 3868
588 1169
588 895
895 1249
1249 2545
2012 3728
2121 3728
71 763
2012 3376
1249 4721
4721 4952
588 3713
1153 3713
349 1153
349 3291
791 1153
945 1153
3713 4662
3291 4514
4514 4994
2559 4514
2864 4014
4014 4352
3291 4305
257 1500
1500 4007
2080 4007
2290 4007
586 2290
2290 4010
1681 4010
3251 4007
301 2451
1037 1455
537 1904
537 2552
391 3650
709 3862
709 2564
2564 3380
2564 3945
2295 3945
2407 2564
3380 4215
285 4215
285 2656
954 2656
58 2656
58 3287
2642 3287
2642 3849
2603 3849
2737 3849
2642 2751
2751 4758
1105 4758
2751 4738
3122 4738
4424 4738
2326 3287
3025 3849
2603 3751
724 3751
3751 4830
4536 4830
4190 4830
1460 3025
1460 4257
1082 1460
1082 4936
2930 4936
605 2930
1082 2401
1991 4257
4257 4427
3667 4427
1193 4936
3656 4215
110 3122
110 1299
145 1299
145 1434
553 1434
145 4822
1533 4822
110 3787
2490 3787
1533 2024
2024 2636
2024 3727
3281 3727
3727 4639
138 3787
138 4621
3787 4402
1733 4621
116 1733
2555 3727
2555 4668
2555 2935
2935 4339
808 2935
808 1097
2084 2555
2084 2974
2974 4558
3615 4558
372 4558
372 3442
3442 3792
372 4320
1425 4320
1875 4320
1372 1875
4320 4570
1372 2093
2093 3110
2093 4027
1225 4027
1225 1896
2393 4027
496 1896
496 1702
698 1896
698 3477
79 3477
79 164
698 2136
1198 2136
3135 4558
1372 2042
837 3110
837 2366
44 837
44 1645
110 2055
2400 3110
4062 4558
2150 3135
2150 2972
2972 3994
1590 3994
1590 1983
1727 1983
886 1727
886 4765
1750 4765
2317 4765
1750 4642
4642 4763
3083 4763
4098 4402
3188 4098
2375 3188
2315 2375
857 2315
2375 3267
2375 3365
3183 4098
3183 3462
3365 4146
1296 4146
1202 3183
1202 2160
1116 1202
1116 4705
1116 2466
2466 3395
2208 3395
2208 4411
4411 4627
1320 2208
1320 4960
228 1202
8 4960
2792 4960
746 2792
746 3763
2792 3444
3444 4904
3444 4129
2818 4129
828 2818
828 1050
1050 1312
1024 1312
1024 3883
3883 4168
4129 4734
1050 1133
1024 2976
2582 2976
2976 3626
2352 4734
753 2352
1050 1321
8 1770
1696 1770
2934 3444
1024 4277
377 2582
377 3253
377 4675
4359 4675
1822 4359
62 1822
2249 4359
809 1822
809 2570
4359 4678
1677 4678
1677 4371
1330 4371
8 2473
2876 4678
1905 2876
1281 1905
1281 2418
782 1905
4571 4904
2422 4571
583 2422
583 1111
125 2422
415 583
415 3816
415 4551
328 4551
1444 4551
4519 4551
1818 4519
4519 4520
2961 4519
2756 4520
3319 4520
607 4519
607 3556
3556 4789
2608 4789
2608 3054
989 3054
404 607
404 4413
149 4413
149 1953
502 1953
1391 4413
149 3630
597 3630
3843 4519
3843 4877
502 1523
1453 1523
7 1453
1453 1992
7 4891
4746 4891
223 4746
7 4660
1634 4660
223 1848
1848 4006
1634 4343
2573 4343
280 2573
280 1290
1290 3340
3250 3340
1975 3250
1975 2487
2067 2487
2067 3612
1975 2992
2487 4090
4090 4644
2113 4090
2113 3978
1310 3978
1310 4205
2527 3978
1420 2487
3132 3978
990 4205
2268 4090
2268 3934
1892 2268
990 1691
676 1691
676 1753
54 1753
54 2635
2635 2951
1691 4038
3373 4038
2643 4038
1691 2511
2247 2643
2247 4518
676 4450
2635 3422
2320 3422
2996 3422
2583 2996
2868 2996
2868 4121
4121 4633
1553 4633
1553 2780
53 2996
53 1252
1553 1986
1986 4017
225 2780
225 3906
799 3906
799 3871
2344 3871
154 2344
154 1124
1124 1893
154 1265
622 799
622 3124
1893 3358
729 3358
3358 3889
3301 3358
3889 4882
3654 4882
1103 4882
3982 4882
592 3654
1300 3358
1739 3422
2855 3612
2855 4865
539 4633
539 4388
2372 4388
2372 2939
1795 2372
1795 4375
2372 4437
2701 4865
2376 4882
1242 2376
1242 1761
342 1242
342 1430
1761 4454
1430 3523
334 3523
334 4312
1009 4312
1840 4660
1840 2041
1840 2337
1801 1840
2041 2318
990 4060
302 4060
302 1057
4060 4916
1173 4006
1173 2679
1442 2679
2679 3109
2679 4485
4485 4965
4701 4965
2254 4701
2254 2997
2254 2860
1937 2860
2254 3438
2679 4248
3342 4248
1893 2030
2220 4038
1341 2220
1341 2432
1341 4850
1473 4850
1505 4850
1473 2937
1989 2937
1989 3546
2169 3546
2169 2611
191 2611
191 1039
191 2186
332 2186
2186 3911
3546 4844
283 4844
1161 4844
202 4882
202 1413
630 1413
202 3795
501 3795
501 4064
1850 4064
1144 4064
1144 3206
602 3206
179 4064
179 2380
501 645
645 889
602 1600
1600 2424
2424 3741
645 3356
3356 4982
645 3899
2995 3899
373 2995
1628 3206
202 4680
1513 4680
1163 4680
1163 4191
373 388
388 4751
4220 4751
219 4751
219 1509
1509 4690
219 4108
2114 4680
931 2114
1450 2114
931 3197
3197 4059
2040 4059
747 3197
2114 2754
776 2754
776 3829
776 3387
3387 4335
776 1664
1664 1867
1525 1867
1525 1771
1771 3374
1525 4942
4677 4942
644 1664
1525 3714
609 4335
1539 3714
1539 3243
1539 4009
93 4009
1867 4109
2205 4109
1135 4109
1135 4157
4087 4157
2396 4087
4157 4280
1135 3057
3057 3437
1054 3437
454 1054
366 1054
330 366
366 757
113 757
757 4105
1526 4105
838 1526
838 2251
1756 2251
1756 2117
1752 2117
1752 3388
1667 2117
1667 3055
1667 4777
525 4777
525 2175
525 4124
2032 2175
2175 2498
139 1752
1074 3388
139 2348
2348 3522
1969 3522
2578 3522
1405 2995
793 1509
793 2730
3506 3522
2319 3506
2319 2809
2107 2809
2809 3490
3490 3617
1571 3617
2898 3617
2898 3510
2500 4280
1525 3475
1600 1967
1967 2144
840 2144
840 4817
2903 4817
3548 4817
3103 3548
840 947
947 1359
1359 4100
3983 4100
671 3983
671 1699
3983 4768
1699 2528
671 1069
1069 4726
1699 4640
4201 4640
2760 4640
85 2760
1209 2760
2760 4391
3443 4640
409 2760
3548 3693
1618 3693
2637 3693
1618 2657
1872 2657
744 2657
744 4719
744 3508
3005 4719
3005 3425
3508 3815
3394 3815
2940 3815
2633 3815
2831 3815
2253 2831
2253 4706
1907 4706
2831 4980
417 4706
417 3359
3464 4980
2744 3464
234 2744
234 3684
3315 3684
3215 3315
1469 3215
82 1469
82 2548
1469 3719
3719 3922
1870 3922
1870 3255
941 3922
1335 3719
2159 3255
2159 2429
2558 3255
2300 2558
82 2897
2819 2897
2064 2897
1 2064
1 2360
1426 2360
1309 1426
1309 1581
762 2819
200 762
762 2458
1584 2458
2819 4879
2064 4456
2314 4456
912 2940
27 4706
27 3574
3574 4143
1725 3574
1725 4725
1725 2374
1130 1309
1130 3930
3703 3930
1723 3930
1723 2242
912 2269
409 2626
1112 2626
1723 3602
2962 3602
1072 2962
1072 4855
1072 4239
513 4239
2100 4239
1199 2100
707 2100
101 707
707 1129
1129 2019
2100 3773
3335 3773
2580 3335
2580 4744
1375 4744
1375 4535
1518 2580
232 1518
3937 4744
222 1375
232 2316
232 3512
2752 3512
2916 3512
3512 3566
1521 4855
1375 1903
1744 1903
1744 4717
777 1903
1903 2616
2616 4648
146 1069
146 3290
233 3290
843 3290
843 3309
628 843
628 4590
4458 4590
4590 4713
59 3290
2155 4590
1915 2558
1316 1915
1316 3452
1666 3452
1666 3096
548 3096
548 803
1915 3670
3065 3670
3065 3268
3268 3476
2027 3476
3476 4603
2512 3268
803 4151
1226 2512
1226 3754
1226 4636
1357 4636
1019 2027
3616 4636
2836 3616
556 2836
810 3616
810 2761
1120 2761
1120 4883
810 3191
1431 4883
1120 4194
3030 4194
3450 4194
2351 4194
3881 4194
2102 3881
610 2102
610 1522
124 1522
124 4051
1922 4051
1147 1922
545 1922
545 1042
1042 2726
2726 4578
124 356
356 3413
207 610
356 2017
1316 4649
3339 3450
96 2726
96 781
781 3400
2916 4315
298 4315
1006 4315
2237 4315
906 2237
2659 4315
2659 2834
1029 2834
2834 4945
1909 4945
1909 2091
1909 2477
199 1909
199 3521
898 3521
3334 4945
2273 4315
2273 3488
3488 3811
3488 3722
291 3722
291 2223
2223 4598
1673 4598
2984 4598
969 4598
994 4945
199 2866
2866 3569
489 2866
489 2275
489 3002
489 4709
2740 2866
144 2740
2273 2685
2011 2685
282 2011
282 3514
282 1449
1449 1514
1287 1449
1287 3736
376 3736
1514 4836
323 4836
1718 3736
376 2481
414 2481
1718 3401
1251 3736
2377 4836
2377 2700
1354 2700
1397 1718
566 2700
566 2650
2650 3996
978 3996
1837 3996
1837 3086
3996 4993
244 3996
244 2293
244 1052
1052 1927
1927 2822
1423 1927
244 3681
3133 3681
1569 3133
423 3681
423 3679
423 1876
1876 1912
566 3986
3611 3986
1423 3542
1678 3542
2124 3542
1254 1678
1569 4534
3986 4810
511 1876
511 1587
1587 1803
1587 2850
1449 2699
957 1254
3681 4999
422 1569
2981 3401
2981 3882
184 3882
3258 3882
3258 4252
1805 4252
4252 4597
2908 4252
2741 2908
2741 4333
1113 4333
1113 3014
921 3014
921 3269
412 3269
3882 4079
748 4079
2486 2981
3014 3695
2714 3695
2139 3695
435 2139
1272 2139
2118 2139
2118 2828
2444 2828
2444 4141
3685 4141
3470 4141
358 4141
358 3737
923 3685
2037 2118
1230 2037
67 358
67 2172
67 3720
3720 3873
3720 4291
3807 4291
3555 3807
1338 2741
148 1338
1338 4568
4568 4679
4294 4679
1338 4154
2267 3873
1660 2267
3712 4679
4372 4598
4372 4799
2172 3553
1564 3553
1564 2554
2880 3553
706 2880
2880 4957
702 4957
335 702
335 2324
57 2880
224 702
57 3928
3064 3928
1466 3064
1466 3820
2161 3064
1466 4389
3554 4389
2181 4389
2161 4479
4479 4791
411 4479
411 577
577 3397
411 3391
2561 3397
2561 4289
2561 2566
577 1537
2550 3928
2264 2550
2550 4910
1642 2550
3 2550
3 4504
3232 4504
3498 4504
1612 2561
430 1612
2566 3733
3733 4592
1612 2644
1102 2644
1102 2801
2801 3775
681 2644
681 1643
681 4328
2644 3324
596 3324
596 2226
1643 2768
2768 3531
563 2880
563 3117
3117 3784
3117 4167
505 2984
577 4923
2436 4923
3436 4923
2436 4693
4693 4874
4321 4693
4321 4920
870 4321
3018 4874
3018 4696
4173 4696
3159 4696
1616 3018
1616 1954
870 1683
1678 3035
3035 4589
2386 4589
3035 4919
3986 4356
3675 4356
1831 3675
3675 3800
2106 3800
2106 3118
863 2106
1954 4034
1314 1616
337 1314
337 4041
1314 4272
205 4272
337 3428
1743 3428
1247 3428
346 1247
608 3428
4041 4102
4102 4104
2378 4104
2378 3726
439 3726
439 4473
3726 3969
1578 3969
795 3969
2795 4473
1201 2795
1578 2549
2549 3468
3468 4314
1477 3468
1477 3619
1524 3619
3619 4322
1833 4322
4322 4979
562 1833
562 1815
562 2936
4314 4925
1201 1544
1544 2924
1175 2924
1362 2924
1654 4322
1654 2874
5 2874
5 130
5 4405
130 1552
1552 4800
453 4800
453 3587
2870 3587
3587 4500
3286 4800
529 4500
529 1268
529 3499
868 1268
730 868
206 3499
206 3708
3364 3708
206 2394
2434 3708
2915 3364
1362 1964
1964 4113
667 1964
667 1011
1011 1319
246 1319
1319 3416
3416 4901
662 3416
4386 4901
4619 4901
4619 4970
3806 4970
3806 4961
246 1995
1995 3361
1090 4970
1866 2936
822 1866
822 3079
1258 1866
1483 1866
1483 2599
1970 2599
1951 1970
2599 2888
1483 3417
75 1866
75 3639
1970 4400
859 4400
859 3272
3104 3272
2758 2888
47 859
1552 4463
1996 4463
1996 2928
3980 4113
1502 3980
453 3177
3177 4542
1920 4542
130 2086
2349 4102
2063 2349
1866 3600
2394 2892
2892 3683
2671 3683
2090 2671
2671 3062
2257 2892
1519 2257
3062 3537
3537 3885
3856 3885
2827 3856
3856 4085
2814 2827
1959 2827
667 2833
585 2833
1423 2166
1385 2166
1502 4206
2980 4206
367 2758
367 4056
2164 4056
2164 4297
1948 2164
1948 2149
972 1948
2164 2340
1835 2340
315 4297
3094 4056
1588 3094
1588 4967
544 3094
4037 4920
3258 4876
1114 2650
1930 2394
1171 2226
1171 2877
2877 3143
1171 1566
2226 3487
4173 4730
2195 4730
845 4730
2195 3590
2879 4679
1235 4800
1235 4496
926 1235
926 4311
2246 4311
1388 2246
1005 1388
309 2166
266 309
266 3874
266 1807
3874 4927
2863 4927
1688 2863
1807 3011
2137 3011
714 4927
175 714
1181 1688
1181 2475
2475 4684
1181 4752
266 1985
1181 3592
2475 4708
2999 3874
2999 4148
1863 4148
1504 1863
1504 2964
2641 2964
2964 4019
2964 3979
714 1170
705 1170
814 1170
705 1270
1270 4470
2560 4470
1208 1270
1208 3794
3794 4672
3082 3794
3082 3283
3225 3283
3225 4268
1208 4274
1936 4274
1936 1955
1955 4605
3677 4605
2958 4605
2557 4274
2557 3485
491 3485
2557 4054
4054 4737
4737 4814
1955 4472
3485 3738
2731 3738
3230 3677
3225 4580
2604 4580
2215 3230
2475 3613
3265 3613
247 3265
247 2379
659 2379
443 3265
3613 3765
1827 3613
659 3039
2053 2379
2053 4395
3501 4395
3501 3730
4395 4610
4610 4868
4868 4889
2148 3501
2148 4845
2859 4845
2859 4284
230 2053
2354 3225
1490 2354
981 1490
629 4463
2462 2685
1876 3323
1136 2378
262 1136
1136 4313
1136 1630
1630 1869
1869 2427
1726 2427
1630 1679
1136 2661
2661 3595
3595 3962
806 3595
3962 4741
806 1798
3474 3962
12 3474
1452 3595
1966 3474
2562 4741
881 2562
881 4770
1087 4770
1087 4111
1749 4111
890 1749
3385 4111
1478 3385
1615 1749
1615 1764
1626 1764
413 1764
612 1679
2175 2969
1747 2969
1557 1683
1712 3553
2354 3240
1638 3240
661 2386
417 1857
3558 4648
966 3558
966 3429
3429 3776
3776 4907
2049 3776
3223 4907
3223 4692
966 2802
270 3429
270 1558
868 4364
1100 4364
1100 1799
1100 4498
1799 1838
1838 4896
894 4896
1838 2743
3066 4896
3066 3866
3866 4262
2357 4262
3149 4262
535 2357
515 3149
2357 4954
3149 3790
3790 4837
4954 4977
3746 4977
1542 4977
99 3066
99 4453
99 316
10 4453
3028 4453
1838 4417
2243 4417
821 2243
821 2994
821 1810
1810 3653
3459 4876
3004 3459
3004 4310
638 3117
561 638
638 4483
1751 4483
943 4483
943 3757
1203 3757
1338 2127
2127 2722
2127 4039
1279 2809
1392 2144
3783 4708
1355 3783
338 1355
1355 1550
1550 2717
886 1462
3653 4240
467 4240
3663 4240
4240 4915
3861 4915
193 3861
162 193
162 749
1090 2437
2091 2925
2626 3597
4187 4483
1092 2659
243 1092
1092 3466
3466 4418
956 4418
3145 4418
3145 3549
2884 3145
15 2884
1574 2884
1574 4366
265 1574
859 3229
1331 3229
1331 2092
1331 4966
3772 4966
2613 3772
1938 3772
1938 1943
436 1943
436 2210
1943 4537
4357 4537
1742 4357
1742 4264
1269 2613
4193 4537
4193 4794
436 2762
436 3357
2762 2783
1211 2783
1211 2745
1211 4824
2745 2902
2902 4562
463 4562
1821 2745
2918 4562
4562 4808
3461 4808
3461 3664
3007 3664
2966 3007
984 3007
1073 3461
1073 2589
2553 2589
2553 4497
2141 4497
774 2141
3252 4497
2258 3252
773 3252
2589 4226
1026 2553
482 1026
3007 4132
3948 4132
457 2918
457 4408
407 4408
457 1842
1842 3594
1220 3594
14 1220
14 1195
1195 3547
3947 4408
1195 3749
3749 3844
2141 4821
53 3099
3099 4147
3959 4147
3480 4147
3480 4816
4397 4816
1118 4397
488 749
488 1717
1717 3687
1289 1717
1289 2308
488 1343
1343 3412
991 1343
991 2857
2857 2971
2857 3460
991 3242
3242 4819
543 4819
543 2292
1785 3242
979 2857
979 2852
2852 2858
2852 3308
979 3786
526 3786
526 877
278 877
278 4556
278 594
2311 4556
278 1695
526 1824
2311 2698
526 3153
739 3153
739 3774
3068 3774
543 1825
1825 4839
1836 4839
4301 4839
4301 4653
2807 4653
4058 4653
4058 4899
2933 4301
2078 2933
2078 3699
1186 2933
1186 1489
1186 3010
519 3010
445 3010
445 4887
3956 4887
2078 3326
3326 4031
3326 3414
1608 3414
1608 2927
1608 4743
1608 2183
2927 3123
324 2183
2733 4743
1177 2733
1177 2536
4058 4199
1475 4199
2152 4199
2152 3767
1177 4429
2654 4429
2660 4429
701 2660
2660 4013
2660 4093
481 4093
481 2244
2244 4851
1177 2094
481 3970
1139 1587
998 1139
642 998
642 2109
1791 2109
1239 1791
745 1791
745 1656
790 1791
1401 3521
1487 4790
666 1661
958 1919
606 2373
3111 3836
1979 3111
294 1979
1806 3152
557 3352
2437 4097
2001 4097
1378 4097
1378 2057
2057 2524
1960 2524
1378 1888
1960 3000
3000 4670
3084 4670
1273 2524
1273 1772
1273 4812
2021 4812
83 4097
819 4162
3552 4162
3552 4415
303 4415
303 4841
3552 3580
3580 4591
303 1059
2493 4288
1861 4288
619 1861
619 2538
619 3445
619 2529
2387 2529
2387 3977
2529 4987
653 1861
653 3381
653 3780
4288 4303
1703 4303
817 1703
1703 4028
1206 2387
3072 4538
4258 4538
226 333
333 3346
3346 3808
601 1331
29 601
615 2062
963 1917
2890 3934
711 3071
2058 3627
2909 3627
960 2909
1197 2860
1197 1496
959 2026
1096 2026
241 2026
241 2669
2669 2824
1720 2669
580 1720
580 1065
580 2177
2177 2446
2669 4526
540 4526
241 3478
1543 3478
546 4526
546 3901
2669 2885
471 4526
471 2872
2872 4393
363 2872
363 4711
1755 4711
434 1755
434 685
685 4929
1755 3203
914 3203
914 4435
4435 4939
3203 3453
3201 3203
2250 3201
2872 3540
2551 3540
2772 3270
2772 4997
2772 4937
3425 3761
1974 3761
3761 4784
2173 3761
2173 2678
2678 3822
2179 3822
2179 2586
983 2586
983 3483
2678 4332
3484 4332
2173 2706
1367 2706
983 4152
433 4152
3625 4152
1167 3625
2706 3163
3163 3707
1438 3163
1658 3707
2734 3707
1658 3278
2590 3278
717 2590
2590 4208
2590 3759
2590 4490
4425 4490
2794 4490
3735 4490
2201 3735
153 3735
3759 4974
3006 4974
1229 3006
1229 2190
1486 3759
1486 3696
1658 2430
528 1658
32 398
398 4736
398 4133
4133 4754
1150 4754
2036 4754
785 2036
785 938
211 785
211 2787
211 1417
1417 4396
211 924
1417 4163
924 3579
591 3579
591 1285
559 3579
591 1408
1408 1547
1547 1784
646 1784
1408 4334
4334 4793
134 4334
134 213
134 4276
950 4276
950 3001
134 3282
3282 4826
201 3282
201 4502
201 1532
134 3892
3634 4276
211 344
626 4163
201 3583
2356 4705
2356 4775
734 2356
2143 4775
809 3449
3449 3655
1917 2103
2207 4593
684 2890
684 4958
616 4958
616 4360
1767 4360
1767 3295
3212 3295
2014 3295
2014 3725
3725 4325
616 1644
1393 1644
731 1393
731 4363
2478 4363
731 2123
1393 4394
769 1393
769 4733
731 1604
1604 1734
1734 3341
1398 3341
3180 4363
4733 4771
3156 4771
2708 3156
402 4771
2000 4771
402 1993
1604 2676
402 726
721 4733
1734 3216
24 3216
24 4156
2672 4156
122 4156
122 1245
1245 3972
1245 4251
1245 4292
122 3209
1433 3209
2534 3209
1433 3378
2672 3037
3037 4354
3789 4354
3943 4354
168 3943
3034 3943
4354 4544
650 4544
650 764
764 4101
2287 4101
2287 4170
300 4170
196 300
3137 3943
3137 3877
3877 4503
1317 4292
2534 2839
268 2839
618 2839
618 2886
268 1013
1013 4928
618 4035
4035 4792
4202 4792
830 4792
830 2002
142 830
240 2002
240 2068
1334 2068
2287 2938
284 2938
284 2796
2938 4847
1498 2796
1498 4468
2938 4165
2454 4165
2454 3734
986 2068
2938 4735
879 1433
142 3013
2170 3295
736 2170
1865 2170
1865 4214
736 787
329 787
329 1344
1344 1485
736 1126
1126 3718
3718 4213
3718 4854
4854 4944
4767 4944
2262 4854
2440 3718
1447 2440
1107 1447
1107 4658
2804 4658
1107 2138
1447 4407
740 4407
89 740
740 1236
1222 1236
740 1653
1887 4407
1236 3568
399 3568
399 4840
3261 3568
399 1568
1568 1839
1188 1568
851 1188
1188 2442
1568 2470
186 2470
186 4350
1887 3439
1901 3439
2470 3798
1188 3984
3984 4941
2259 4941
4373 4941
277 4373
2259 4731
713 2259
713 4253
550 713
277 1987
2259 4331
277 1575
299 1575
299 4494
3403 4494
1000 3403
1000 4599
375 4599
1729 4599
1729 2535
1729 4992
186 4044
3439 3828
3828 4750
1123 4750
1123 3088
77 3088
361 1123
1158 3439
186 1145
106 1145
106 695
192 1145
192 1701
1701 2233
1701 4442
4442 4609
3955 4609
2953 3955
3108 4609
530 3108
1435 2953
1435 3337
695 836
836 1709
1709 2346
2905 4442
2905 3199
2905 3951
3951 4756
2193 4756
2193 2610
2193 3835
1884 3835
1435 2301
2301 2485
216 2485
2485 2537
216 1048
2485 4949
3645 4949
3938 4949
3938 4596
3213 3938
2485 4873
1593 4873
1174 4873
1704 4873
1704 2450
1704 2947
2675 2947
16 2675
68 2947
68 4666
1704 2620
16 987
850 987
253 850
1704 1782
1782 2544
131 2544
131 4011
3207 4666
3207 3744
1047 3207
1047 1787
718 1047
718 2187
2187 2770
718 949
524 1839
9 4854
1906 3798
1906 2904
1906 3981
1868 3137
1868 2525
1868 3541
3541 3756
1182 3756
3507 3541
2367 3507
2367 3777
273 2367
1435 4286
182 3137
2944 4035
277 824
268 1573
2601 4599
850 4082
598 4082
4082 4438
2343 4082
3971 4082
3971 4115
3368 4082
3088 4530
1719 4530
1719 3766
1808 4530
3766 4579
1241 4579
1241 4549
506 1808
506 3411
3411 4581
4029 4581
2948 3411
2948 3652
2948 3946
3349 3946
2674 3946
767 3946
2260 4332
2260 3051
428 2448
1473 3386
2035 3447
1885 3447
41 1885
406 1885
406 919
1303 3998
3144 4266
56 4266
56 1527
2573 4492
1279 4540
3226 4938
623 2773
623 2200
2016 4652
3044 4652
1277 3044
2647 3044
336 1277
336 3533
1852 3533
336 1210
1210 2180
1210 3927
2180 3078
1099 3078
1099 1736
3078 4561
1852 2878
2878 4227
4227 4853
4566 4853
1210 4629
4074 4629
4283 4629
3920 4074
313 3920
48 3920
1852 2826
3496 3920
3496 4586
1176 4586
1176 1926
2694 4586
887 1176
1176 4123
2826 4546
3371 4546
3371 4020
928 4020
4546 4846
88 4566
1436 2826
1436 1862
1862 2197
2197 3151
2209 3151
2033 2209
2209 4995
4404 4995
2647 4575
448 3920
448 3657
2098 4566
379 1920
1629 3793
19 3793
1685 3793
1685 4387
3793 4620
2499 4620
1014 4387
1014 1280
1280 1609
1280 1632
1632 1649
1609 2791
2791 4897
831 4897
2302 4897
1878 2302
1878 2336
320 340
107 1325
1542 2096
2096 2727
2096 4176
3635 4176
390 2096
390 2815
813 2815
1071 2815
813 1914
1914 2845
813 1232
1232 1474
1474 2820
2820 4626
74 4626
1055 4626
74 2341
727 2341
2096 4069
2842 4907
1834 2842
2837 3231
368 2852
368 4466
2945 4466
368 2409
522 4466
901 4466
901 3624
1843 3624
1843 4664
980 4664
3343 4664
97 3343
97 2723
1843 3077
2099 3077
1302 3077
1302 4153
3077 3606
2723 4760
4748 4760
3576 4760
3576 4374
3366 4760
3576 4667
1363 3576
1363 3504
3504 4981
152 4981
152 3100
2325 4981
1551 2325
1551 3518
165 1551
1551 4595
4595 4861
4643 4861
4595 4835
2923 4835
4861 4893
474 4893
3294 4893
3164 3294
3164 3976
3164 3916
474 2403
538 2403
538 1816
1816 2649
2403 4723
2403 4555
2725 4555
3032 4555
1081 4555
815 1081
1816 2777
2777 3527
3260 3527
492 2777
492 2775
492 3915
3260 4996
1565 3915
1137 1565
1137 3196
532 1137
3196 3931
759 3931
3931 3997
3997 4585
2793 3196
1565 2667
725 2667
2383 2793
108 2383
108 2970
108 4065
2286 4065
4065 4448
444 815
444 1891
1891 3509
444 2270
3509 3585
3585 3629
2073 3260
2629 4643
2629 2665
751 2665
751 3396
751 1411
1411 2707
587 1411
751 4563
3187 4563
3187 4985
2101 4563
1582 2101
1582 3572
3715 4985
3529 3715
432 1137
360 432
3576 3689
2693 3915
1363 1832
547 1832
547 3622
547 2631
1591 2631
1591 4244
3618 4244
3618 4242
547 2122
2122 3067
794 2122
794 3704
1812 3704
3704 3958
1591 4956
1812 1860
477 1860
1860 2515
1672 2515
1075 1672
1075 1535
1535 1617
492 3469
2286 3280
970 3280
52 3280
3280 4718
1501 4718
2547 3077
3509 4573
4718 4900
4749 4900
3905 4749
4180 4749
2932 4180
772 2932
2932 4460
772 4049
772 4931
1045 4931
1045 2022
2022 3561
3561 4302
2022 3637
2932 4260
275 1551
275 1934
1934 3027
4249 4595
180 4249
180 4703
2133 4249
4249 4487
2370 2409
2370 3743
1762 2370
4491 4749
151 4049
267 1075
267 2899
2899 3097
267 2304
2304 2421
1328 2899
1328 2405
2405 4864
1328 1873
1670 1873
465 1670
465 3909
447 3909
447 3221
696 3221
1873 3596
1598 3596
1800 3596
2615 3596
1598 3893
1004 3893
1004 1495
447 4107
2304 3162
1598 1758
1800 2165
901 1939
699 1939
105 699
105 4739
3515 4739
3515 4307
1503 4307
493 4307
4307 4342
393 1535
1143 4223
4223 4560
4560 4914
1985 4707
55 2429
1036 2013
1036 1845
1081 1881
4749 4798
1204 4490
1204 2990
885 2990
1106 2990
1192 1204
1106 2050
2050 4955
2789 4955
2789 4304
1549 4304
1940 4304
1940 4848
1940 2321
1940 2501
81 2501
81 3174
81 2516
2516 3694
2501 4139
4139 4991
3406 4991
2695 4139
6 4955
6 497
497 4048
6 4871
4299 4871
1583 4299
579 1583
3061 4299
634 3061
274 579
45 274
614 634
614 4564
274 1999
1999 3409
1830 3409
977 1830
977 4852
1999 3467
3467 4988
899 4988
899 4197
541 4197
2681 4197
3409 4655
1606 2681
4174 4988
274 4740
541 2759
2759 3851
2759 3275
2759 3392
2332 4852
614 3532
3245 3532
3245 3739
1366 3245
939 3245
208 939
3532 3954
1351 3954
1351 1680
1351 3550
2712 3550
939 2680
442 2712
442 1933
3245 3410
2906 3410
2236 4655
497 1844
1844 3891
614 4234
904 4234
904 2333
2184 4234
2333 4130
1311 3260
494 1311
494 3823
1044 1311
663 1311
663 997
997 4582
4582 4665
3227 4582
1610 3227
1610 4296
215 4296
215 3426
102 3426
500 1311
311 500
147 2779
147 4699
147 2851
2851 4128
4128 4594
1603 4699
1603 3706
1308 3706
1308 1984
2943 3706
2943 4885
2313 2943
2711 3706
1603 3863
3863 4207
3698 4207
22 4207
22 327
2328 3698
1264 2328
1264 4218
948 2851
948 3886
1070 1264
2231 2711
22 1715
1792 2943
1715 2502
948 1068
1068 3779
3779 4337
1990 4337
1520 4337
534 1990
1520 4078
123 4078
123 4432
3710 4432
665 3710
665 2305
2305 3525
66 3525
2305 3578
1461 3525
2305 4523
2108 4523
2108 2719
2719 4584
114 3578
3710 4712
91 4584
229 2719
229 1924
689 1924
1924 4440
1461 4525
114 2006
2006 4336
114 3274
3274 4198
2412 4198
2412 3760
4198 4828
4358 4828
854 4198
123 1900
1256 4828
1256 4355
1256 3354
2423 4355
2088 2423
2412 4403
2922 3274
469 1924
536 4355
660 2006
660 1700
1700 3716
1437 3716
3716 4362
1531 2088
1531 2191
2191 4344
797 4344
3089 4344
3089 4070
2922 3440
3440 4924
3440 3536
3176 3440
2134 3440
2134 4412
4095 4412
1256 4866
678 3089
678 1384
1384 1796
115 1384
1384 3860
891 3860
1070 4326
1446 4326
3473 4326
678 2720
534 1001
651 1792
357 2639
2601 3020
816 3812
248 1070
1031 3864
1849 3878
771 3878
771 861
861 1345
771 1394
1345 4271
1185 1345
60 1185
1185 4166
405 4514
2109 3195
129 3195
2060 3195
2371 3195
867 2371
2371 4377
1732 4238
1941 4238
70 4053
70 1451
968 1451
70 4720
112 1792
677 4853
1104 2559
908 1104
908 1155
908 965
552 1278
1291 2814
1400 1655
1507 2627
1235 2821
2843 4851
3063 3148
3591 4223
181 3591
181 4063
181 1168
508 4063
508 3202
3202 3601
1429 3202
458 1429
458 2767
1429 2873
1429 2623
458 3869
1196 3869
2542 4063
2542 4032
2542 4673
2369 2542
4673 4959
2623 4506
4379 4506
800 4506
1661 3940
712 3940
72 4127
2452 4127
4698 4985
96 4895
690 3695
1248 1378
1271 3022
1243 1336
1486 1775
1318 3211
2491 3211
688 1965
1965 4553
4188 4553
1965 4254
3303 4553
1032 3303
1032 4103
2145 4103
2054 3303
3809 4188
1032 3284
1605 3284
1605 3092
1605 2769
1561 2769
2031 4188
1561 2632
2632 4671
2632 4948
1333 4948
23 1333
3471 4948
3471 3965
1559 3965
3965 4832
940 4832
940 2520
940 1599
1599 1994
140 1599
128 940
158 4832
128 4676
3085 4676
1902 3085
1902 2646
23 2277
2277 4776
1820 4776
2277 3631
1361 1605
1361 4073
1187 4073
1611 4073
339 1611
339 2497
2497 4068
1361 4686
1611 2350
2350 3136
555 3136
555 3087
1793 3087
2497 3328
533 3328
533 2457
2392 2457
1337 2392
2457 4016
3106 4016
1337 1925
1925 4055
3750 4055
1925 2687
352 2687
2687 3190
3190 4886
2468 4886
1352 2468
276 4886
276 3582
3582 4428
2368 3582
2368 2581
1823 2581
1148 1823
1148 3238
2163 3238
1823 4973
2977 4973
1448 2977
1448 4659
2977 3544
517 1448
1358 4659
1358 4646
1358 3817
533 3840
517 2471
2471 3524
1894 3524
1227 3524
132 2471
4159 4188
69 3750
1358 1633
23 858
2277 4300
2416 3524
2416 3740
126 3740
1371 3840
1371 3753
865 3753
961 1823
961 2978
961 3781
3190 3321
1902 4806
1007 4806
1007 2900
780 3106
514 2750
2750 4742
290 2750
290 4120
3009 3808
3009 3075
3075 4559
2465 4559
3093 4559
2645 3093
1759 2645
1759 3898
387 3898
387 2280
2645 3939
387 617
617 4083
617 3139
595 3139
1738 3139
1216 1738
934 1216
1216 1982
595 2389
476 2389
476 3941
3325 3941
3941 4669
2664 3075
252 3009
3941 4507
1663 3093
1663 3115
1545 3115
25 3941
25 3193
2168 3193
3463 4669
2168 2271
2271 3178
314 2271
314 2509
314 2162
670 2162
2361 3463
2361 4682
3463 4347
2391 3009
486 633
1223 4182
1574 4436
839 4833
2282 4833
2524 4457
1735 4457
2536 4651
2283 4651
3662 4651
1350 3662
807 1350
807 2428
2435 4651
845 846
294 3902
2765 3346
2765 3033
1956 3033
2765 3171
2765 4501
551 4501
551 2323
164 818
818 2082
2082 4382
1646 2082
1058 1646
1058 1794
1058 2447
2447 4716
1131 4716
2595 4636
189 584
578 4398
578 3407
1716 3407
1716 1874
1874 2008
490 1874
1716 2829
2829 4465
878 2829
878 1127
647 2088
3208 3766
3208 4306
1649 3432
3683 4601
2518 3020
2518 3875
3505 3875
3875 4782
3076 3875
2071 4657
982 2071
4324 4566
728 4324
384 4467
1403 4467
1403 3348
1403 3661
2151 3661
415 4972
1952 4972
1165 1629
390 2135
1414 4538
1414 4842
1414 3589
1457 3589
1414 1899
2112 3364
2103 3029
3029 4275
2663 4275
2663 3008
2663 4618
1233 2663
1003 1233
2340 3210
1458 3210
1538 3210
3210 4875
581 1351
581 4976
1040 4976
1040 2461
1040 2025
2461 2784
581 2410
2461 2592
1757 2592
371 2592
1427 1757
1427 1488
1488 3771
1570 4976
2048 2592
768 4083
768 1246
768 1944
470 1944
470 1594
768 3314
768 2993
534 4081
2204 4081
2204 4330
2949 4081
1859 2949
261 2949
2505 2949
2029 2505
1913 2505
2029 3665
3036 4330
4579 4983
403 4983
335 841
1173 2044
160 2598
2622 4020
1643 3241
2662 2918
1488 3857
94 319
2513 3493
2215 3593
3072 4434
2340 4433
143 4577
3259 4577
2911 4577
1286 4577
348 1286
1286 3116
1286 1789
1101 1789
1646 2076
311 2817
695 3222
1275 4238
1275 2653
1275 1949
464 1275
800 2426
1487 4406
933 4406
933 4533
568 4533
568 4235
933 4177
1519 4478
1463 4478
310 1463
1373 1463
1418 4029
1418 2294
2975 3330
1627 2975
1627 3799
1627 1988
1988 2840
3799 4757
1898 1988
1898 4637
1267 1898
1267 1779
1898 2441
1671 4757
343 1671
2288 2975
2288 3942
1267 3690
790 3762
425 3195
425 1705
425 4528
425 3046
507 3046
2104 3046
1690 3364
72 2345
1435 2402
2420 4218
2472 2666
499 2666
1220 2823
2146 2823
1216 3913
4287 4378
248 4361
4361 4704
624 4361
624 1063
3221 4527
2083 4795
1443 4902
2043 4367
3847 4260
2594 4216
2594 4522
2747 4522
2579 4522
2871 4522
2849 2871
834 1872
834 4136
834 1707
834 3277
834 2408
1707 4459
834 2399
111 2854
686 2094
1482 2701
2036 2404
2404 3614
3383 4491
4001 4352
4001 4604
856 4604
554 856
3084 4241
3126 4641
4387 4872
3322 4872
4327 4872
3276 4327
458 872
772 1015
1128 4580
3402 3561
3402 4787
2076 3967
727 4935
682 4935
682 4329
2539 4329
1819 2539
1292 1819
1819 1921
1921 4788
1819 2755
920 4451
1125 3594
781 1259
1710 4096
878 2125
2476 2522
2662 3263
1284 3263
1409 3263
1409 1619
3263 3732
930 3729
885 3782
3581 4688
2852 3214
2120 4516
1031 3433
3433 4634
3433 4656
852 4656
852 3846
527 852
852 2225
1332 2225
2225 4511
1963 2225
527 765
692 852
692 2541
2724 3846
1746 2724
1746 3724
516 2724
516 3926
39 1746
1108 1746
1108 4947
4142 4947
3543 4947
516 4614
2116 4614
635 4614
635 2087
2087 3456
2087 4212
381 4212
204 381
4614 4647
2713 4647
3575 4614
2 3575
3543 4493
754 4493
1060 3456
73 1060
1095 1585
3718 3925
1607 3960
3372 3960
2304 4870
40 4548
1976 4548
1976 4697
396 4697
396 1416
995 1416
396 451
4613 4697
185 4150
157 4306
157 4445
2692 4445
2692 3419
2221 4445
1740 2221
289 1740
43 289
43 4710
43 4880
322 3593
733 3475
733 4695
507 1043
1043 1305
980 2398
2959 4938
2959 4574
1149 4574
33 4574
2367 3146
4769 4908
784 4862
2224 2342
2224 4489
2224 3311
1494 3311
1381 1494
788 1381
1381 4319
1494 3952
1347 4319
648 4319
648 860
297 860
136 1347
1347 4834
648 2609
2609 4986
1347 4772
1923 4772
1923 4155
2279 4155
2279 3069
3069 3711
1928 2224
1387 3598
2029 2504
3128 4235
1728 3750
1728 3644
880 3644
775 1728
640 2747
3300 3764
4048 4383
2215 4600
2218 4805
161 4034
161 3638
640 2605
3545 4788
2900 4265
1576 2739
1576 2238
1689 3237
2443 3237
2310 4574
624 1851
238 3099
238 3150
876 3210
1440 2464
1376 1440
347 2483
1714 4549
1730 4721
1730 4645
257 2856
3254 4335
131 3448
2129 3448
2129 3876
1255 3876
2028 3876
3448 4023
2046 3876
758 2046
1774 2046
1774 3887
86 1774
8 4164
3346 4273
86 3306
680 3306
589 4074
589 4183
1790 4183
1027 4183
1548 3228
2788 3899
2967 4113
349 4285
1825 4567
2584 4567
201 4628
2901 4628
2612 2901
3756 4843
1248 3990
2877 4829
427 3046
1215 4451
660 2956
1735 3102
242 3102
242 631
1301 1382
565 3390
4345 4617
378 2452
188 4331
131 1783
2575 3388
3200 4711
2562 3353
1998 4433
541 657
657 2808
849 3118
1877 4318
4308 4470
2893 3369
4 4023
4 3985
4 720
886 1142
674 1555
4553 4625
530 811
996 2993
996 2347
1324 4997
656 1324
656 2299
902 2299
2299 4075
4075 4481
3701 4481
656 3404
2455 3404
3404 4256
4256 4282
4219 4256
2507 4256
1637 2507
1637 2805
1968 4447
2907 4990
169 3161
865 2052
2602 3902
2602 2786
2602 3421
2596 3421
3331 3421
2628 3421
2070 2602
392 2070
1162 2070
418 3421
1942 2628
455 2891
1720 3127
3434 3827
3434 4477
1488 4785
3101 3522
3101 4515
3101 3142
1973 3101
909 2579
1530 3485
87 1530
231 3083
231 272
450 2358
319 1579
682 2757
1275 4077
2946 4077
170 2946
170 3288
170 1365
1908 3288
790 942
442 2126
997 2530
1563 2530
2252 2530
960 3424
853 3917
1059 1647
2211 4361
2211 2240
2240 3973
2085 3973
4014 4116
613 3930
3047 4925
1676 3047
1676 2630
2630 4217
1008 2731
1580 4929
1580 3865
169 3060
3138 3541
2148 4279
3264 4115
230 4012
3246 4574
1244 3246
401 3058
1636 2898
480 1636
2127 4753
929 4433
856 971
514 1459
3134 3230
1418 3682
3682 4204
281 4204
1404 4452
988 4954
1669 4032
84 322
703 3222
2347 4221
1387 4161
4161 4930
1364 4930
3292 4930
119 1373
290 4476
766 2881
236 1564
821 2438
410 507
2875 3988
686 4661
657 3107
3107 4195
1760 2454
1760 4018
994 1652
3418 4431
3031 4177
824 3389
2190 2469
1641 4894
850 2799
2726 4761
1791 3333
1053 4221
1353 3338
2414 3242
2414 2585
937 2568
2355 2568
1012 2355
1012 3017
2969 4033
2937 4565
2913 4279
1221 4200
425 1078
209 1078
2128 3173
1356 3173
507 4921
2516 4365
3742 4557
1098 2637
