Total distance: 66664.5
Trade routes:
1 2064
2 3575
3 2550
4 4023
5 2874
6 4955
7 1453
8 4960
9 4854
10 4453
11 4439
12 3474
13 1540
14 1220
15 2884
16 2675
17 95
18 2952
19 3793
20 2059
21 4815
22 4207
23 1333
24 3216
25 3941
26 1806
27 4706
28 2023
29 601
30 932
31 2830
32 3511
33 4574
34 1237
35 2887
36 4968
37 3747
38 4509
39 1746
40 118
41 1885
42 3837
43 289
44 837
45 274
46 3317
47 859
48 3920
49 927
50 3721
51 3369
52 3280
53 2996
54 1753
55 2429
56 4266
57 2880
58 2656
59 3290
60 1185
61 104
62 1822
63 2285
64 1962
65 3565
66 3525
67 358
68 2947
69 3750
70 4053
71 763
72 3788
73 1060
74 4626
75 1866
76 103
77 3088
78 715
79 3477
80 2303
81 2501
82 1469
83 4097
84 322
85 2760
86 1774
87 1530
88 4566
89 740
90 3427
91 4584
92 1218
93 4009
94 183
95 1298
96 2726
97 3343
98 4228
99 3066
100 3819
101 707
102 3426
103 955
104 3717
105 699
106 1145
107 4779
108 2383
109 429
110 3122
111 2854
112 1792
113 757
114 3578
115 1384
116 1733
117 355
118 917
119 1373
120 1395
121 1121
122 4156
123 4078
124 1522
125 2422
126 3740
127 263
128 940
129 3195
5 130
131 2544
132 2471
133 461
134 4334
135 874
136 1347
137 2889
138 3787
139 1752
140 1599
141 825
142 830
143 3351
144 2740
145 1299
146 1069
147 2779
148 1338
149 4413
150 4825
151 4049
152 4981
153 3735
154 2344
155 882
156 2517
157 4306
158 4832
159 459
160 2214
161 4034
162 193
163 4790
79 164
165 1551
166 3043
167 4615
168 3943
169 3161
170 2946
171 385
172 4230
173 1231
174 3479
175 714
176 4545
160 177
178 963
179 4064
180 4249
181 3591
182 3137
183 2059
184 3882
185 2991
186 2470
187 1554
188 4331
189 584
190 4247
191 2611
192 1145
193 3861
194 1847
195 3318
196 300
28 197
198 4508
199 1909
200 762
201 3282
202 4882
203 2508
204 381
205 4272
206 3499
207 610
208 939
209 1078
210 897
211 785
212 2261
134 213
214 2670
215 4296
216 2485
217 2291
218 4110
219 4751
220 3953
221 2384
222 1375
223 4746
224 702
225 2780
226 4225
227 2718
228 1202
229 2719
230 2053
231 3083
232 1518
233 3290
234 2744
26 235
236 1564
237 2718
238 3099
239 351
240 2002
241 2026
242 3102
243 1092
244 3996
245 1422
246 1319
247 3265
248 1070
249 4747
250 4755
251 4702
252 3009
253 850
254 3747
255 1023
256 3894
257 4231
258 3080
259 3155
260 4884
261 2949
262 1136
263 1932
264 1464
265 1574
266 309
267 1075
268 2839
269 4451
270 3429
271 2565
231 272
273 2367
274 579
275 1551
276 4886
277 4373
278 877
279 2083
280 2573
281 4204
282 2011
283 4844
284 2938
285 4215
286 2763
287 1541
288 1306
289 1740
290 2750
291 3722
258 292
293 1033
294 1979
295 2917
296 2472
297 860
298 4315
299 1575
300 4170
301 2451
302 4060
303 4415
304 930
214 305
306 3167
46 307
308 2867
309 2166
310 1463
311 500
312 4989
313 3920
314 2271
315 4297
99 316
317 1274
318 1958
94 319
320 510
321 1062
322 3593
323 4836
324 2183
325 3257
326 3157
22 327
328 4551
329 787
330 366
331 4290
332 2186
226 333
334 3523
335 702
336 1277
337 1314
338 1355
339 1611
320 340
341 2766
342 1242
343 1671
211 344
345 2710
346 1247
347 2483
348 1286
349 1153
350 2987
351 3224
352 2687
353 4894
354 1091
355 697
124 356
357 2617
358 4141
359 1602
360 432
361 1123
362 1117
363 2872
364 2782
365 2510
366 1054
367 2758
368 2852
350 369
370 1207
371 2592
372 4558
373 2995
0 374
375 4599
376 3736
377 2582
378 2452
379 1920
380 2222
381 4212
255 382
383 3848
384 2198
385 1602
386 3226
387 3898
373 388
389 3446
390 2096
391 3650
392 2070
393 1535
394 2330
395 4545
396 4697
397 805
32 398
399 3568
400 4745
401 4316
402 4771
403 4983
404 607
405 4514
406 1885
407 4408
408 3519
409 2760
410 507
411 4479
412 3269
413 1764
414 2481
415 583
416 1377
417 4706
418 3421
419 3003
420 2213
421 1541
422 1569
423 3681
424 2255
425 3195
426 456
427 3046
428 3327
429 1240
430 1612
431 1061
432 1137
433 4152
434 1755
435 2139
436 1943
437 2278
438 2749
439 3726
440 1895
441 723
442 2712
443 3265
444 815
445 3010
446 2841
447 3909
448 3920
449 4462
450 2358
396 451
452 3045
453 4800
454 1054
455 1064
456 3633
457 2918
458 1429
459 2131
460 2079
461 3688
462 2272
463 4562
464 1275
465 1670
466 4158
467 4240
259 468
469 1924
470 1944
471 4526
472 4552
473 4615
474 4893
475 2607
476 2389
477 1860
478 3113
479 738
480 1636
481 4093
482 1026
483 1511
484 2105
485 2521
486 633
487 4529
488 749
489 2866
490 1874
491 3485
492 2777
493 4307
494 1311
495 4499
496 1896
6 497
498 4072
499 2666
500 1311
501 3795
502 1953
503 3964
256 504
505 2984
506 1808
507 3046
508 4063
509 1847
510 636
511 1876
512 2887
513 4239
104 514
515 3149
516 2724
517 1448
364 518
519 3010
520 1613
195 521
522 4466
523 3457
524 1839
525 4777
526 3786
527 852
528 1658
529 4500
530 3108
531 3850
532 1137
533 3328
534 1990
535 2357
536 4355
537 1904
538 2403
539 4633
540 4526
541 4197
542 2174
543 4819
544 3094
545 1922
546 4526
547 1832
548 3096
549 2312
550 713
551 4501
552 1160
553 1434
554 856
555 3136
556 2836
557 4076
382 558
559 3579
560 3455
561 638
562 1833
563 2880
237 564
565 4510
566 2700
567 4978
568 4533
35 569
558 570
571 3312
572 2732
573 4250
574 2510
575 741
576 4953
411 577
578 4398
579 1583
580 1720
581 1351
582 2627
583 2422
584 3166
585 2833
586 2290
587 1411
588 3868
589 4074
590 4021
591 3579
592 3654
593 2963
278 594
595 3139
596 3324
597 3630
598 4082
599 3950
600 2385
601 1331
602 3206
603 711
604 2619
605 2930
606 2406
607 4519
608 3428
609 4335
610 2102
611 2056
612 1679
613 3930
614 634
615 2062
616 4958
387 617
618 2839
619 1861
620 3431
621 4222
622 799
623 2773
624 4361
625 3785
626 4163
627 1307
628 843
629 4463
630 1413
242 631
604 632
633 4790
634 3061
635 4614
636 4349
637 2198
638 3117
190 639
640 2747
641 2298
642 998
643 1016
644 1664
501 645
646 1784
647 2088
648 4319
649 873
650 4544
651 1792
652 1693
653 1861
654 4351
655 3884
656 1324
541 657
658 704
659 2379
660 2006
661 2386
662 3416
663 1311
664 3016
665 3710
666 4045
667 1964
668 1722
669 3932
670 2162
671 3983
672 4255
673 1472
674 3247
675 3974
676 1691
677 4853
678 3089
679 3502
680 3306
681 2644
682 4935
683 4809
684 2890
434 685
686 2094
287 687
688 2276
689 1924
690 3695
691 2003
692 852
693 3814
694 1846
106 695
696 3221
697 4888
698 1896
699 1939
700 1890
701 2660
702 4957
703 3222
704 4616
705 1170
706 2880
707 2100
708 4612
709 3862
710 3041
711 4043
712 3940
713 2259
714 4927
715 2867
716 1484
717 2590
718 1047
719 2395
4 720
721 4733
722 4246
723 2456
724 3751
725 2667
402 726
727 2341
728 4324
729 3358
730 868
731 1393
732 3671
733 3475
734 2356
735 3451
736 2170
737 1693
738 839
739 3153
740 4407
256 741
742 4984
743 2627
744 2657
745 1791
746 2792
747 3197
748 4079
162 749
750 2062
751 2665
599 752
753 2352
754 4493
576 755
756 4229
366 757
758 2046
759 3931
251 760
761 3605
762 2819
763 1399
650 764
527 765
766 2881
767 3946
768 4083
769 1393
770 2778
771 3878
772 2932
773 3252
774 2141
775 1728
776 2754
777 1903
742 778
320 779
780 3106
96 781
782 1905
783 862
784 3120
785 2036
786 4732
736 787
788 1381
100 789
790 1791
791 1153
792 4975
793 1509
794 2122
795 3969
737 796
797 4344
798 1947
799 3906
800 4506
801 2812
802 1781
548 803
804 2214
805 1109
806 3595
807 1350
808 2935
809 1822
810 3616
530 811
812 1064
813 2815
814 1170
815 1081
816 2245
817 1703
164 818
819 2095
438 820
821 2243
822 1866
823 3427
277 824
825 917
826 4309
819 827
828 2818
829 3126
830 4792
831 4897
832 2746
833 4827
834 1872
835 3651
695 836
837 3110
838 1526
127 839
840 2144
335 841
842 1897
843 3290
326 844
845 4730
845 846
847 3370
848 2038
849 3118
850 987
851 1188
852 4656
853 3917
854 4198
855 1890
856 4604
857 2315
23 858
859 4400
648 860
771 861
862 3486
863 2106
719 864
865 3753
287 866
867 2371
868 1268
869 2510
870 4321
871 4650
458 872
873 4106
874 1931
875 4569
876 3210
526 877
878 2829
879 1433
880 3644
881 2562
882 2638
883 1697
884 2532
885 2990
886 1727
887 1176
888 4423
645 889
890 1749
891 3860
892 4184
893 2689
894 4896
588 895
896 3918
755 897
898 3521
899 4988
900 4766
901 4466
902 2299
903 2597
904 4234
905 1021
906 2237
907 3166
908 1104
909 2579
910 2800
911 4210
912 2940
913 3747
914 3203
915 1183
916 3603
479 917
918 2587
406 919
920 4451
921 3014
565 922
923 3685
211 924
174 925
926 1235
796 927
928 4020
929 4433
930 4728
931 2114
932 3778
933 4406
934 1216
935 2335
936 4025
269 937
785 938
939 3245
940 4832
941 3922
790 942
943 4483
944 1722
945 1153
916 946
840 947
948 2851
718 949
950 4276
951 4409
952 2235
953 3832
954 2656
955 2705
956 4418
957 1254
958 1651
959 3880
960 2909
961 1823
962 3557
627 963
964 2431
908 965
966 3558
570 967
968 1451
969 4598
970 3280
856 971
972 1948
973 1266
974 1038
975 3603
976 4569
977 1830
978 3996
979 2857
980 4664
981 1490
982 2071
983 2586
984 3007
985 1002
986 2068
16 987
988 4954
989 3054
990 4205
991 1343
992 4222
783 993
994 4945
995 1416
996 2993
663 997
998 1139
999 1441
1000 3403
534 1001
715 1002
1003 1233
1004 3893
1005 1388
1006 4315
1007 4806
1008 2731
1009 4312
194 1010
667 1011
1012 2355
268 1013
1014 4387
772 1015
1016 4724
1017 3709
1018 2013
1019 2027
835 1020
893 1021
1022 1095
1023 3628
1024 1312
1025 2178
1026 2553
1027 4183
1028 2217
1029 2834
1030 1049
1031 2691
1032 3303
1033 1303
374 1034
1035 2157
1036 2013
1037 1455
875 1038
191 1039
1040 4976
1041 4414
545 1042
507 1043
1044 1311
1045 4931
1046 1858
1047 3207
216 1048
1049 4066
828 1050
1051 4390
244 1052
1053 4221
1054 3437
1055 4626
1056 3778
302 1057
1058 1646
303 1059
1060 3456
1061 3674
1062 4066
624 1063
1064 4399
580 1065
483 1066
1067 4439
948 1068
671 1069
1070 1264
1071 2815
1072 2962
1073 3461
1074 3388
1075 1672
478 1076
1077 1243
425 1078
1079 2854
1080 3788
1081 4555
1082 1460
839 1083
296 1084
1085 3517
900 1086
1087 4770
1088 2841
1089 3040
1090 4970
1091 4410
1092 2659
1093 2453
1094 2035
1095 4918
1096 2026
808 1097
1098 2637
1099 3078
1100 4364
1101 1789
1102 2644
1103 4882
1104 2559
1105 4758
1106 2990
1107 1447
1108 1746
1109 2482
1110 3551
583 1111
1112 2626
1113 4333
1114 2650
11 1115
1116 1202
1117 2841
1118 4397
1119 2069
1120 2761
1121 3375
1122 3317
1123 4750
154 1124
1125 3594
736 1126
878 1127
1128 4580
707 1129
1130 1309
1131 4716
1132 1140
1050 1133
1134 4416
1135 4109
1136 2378
1137 1565
1138 1313
1139 1587
1140 2449
1141 3768
886 1142
1143 3813
1144 4064
186 1145
679 1146
1147 1922
1148 1823
1149 4574
1150 4754
1151 1395
1152 1261
1153 3713
1154 3598
908 1155
1156 1205
509 1157
1158 3439
1159 1346
1160 2844
1161 4844
1162 2070
1163 4680
1164 3185
1165 1629
1166 2593
1167 3625
181 1168
588 1169
714 1170
1171 2226
1172 1797
1173 4006
1174 4873
1175 2924
1176 4586
1177 2733
571 1178
1179 3680
1180 3451
1181 1688
1182 3756
1183 3658
958 1184
1185 1345
1186 2933
1187 4073
1188 1568
1189 1745
633 1190
1191 3788
1192 1204
1193 4936
1194 2841
14 1195
1196 3869
1197 2860
1198 2136
1199 2100
1061 1200
1201 2795
1202 3183
1203 3757
1204 4490
819 1205
1206 2387
1207 1481
1208 1270
1209 2760
336 1210
1211 2783
1034 1212
1041 1213
1214 4040
1215 4451
1216 1738
1200 1217
1218 4298
1219 2493
1220 3594
1221 4200
1222 1236
1223 4182
1224 2065
1225 4027
1226 2512
1227 3524
1228 4290
1229 3006
1230 2037
1231 4117
813 1232
1233 2663
974 1234
1235 4800
740 1236
1237 1499
1238 1529
1239 1791
1240 2338
1241 4579
1242 2376
1243 1339
1244 3246
122 1245
768 1246
1247 3428
1248 1378
895 1249
1250 3147
1251 3736
53 1252
792 1253
1254 1678
1255 3876
1256 4828
1257 4225
1258 1866
781 1259
137 1260
1261 1586
1262 2066
1263 3189
1264 2328
154 1265
573 1266
1267 1898
529 1268
1269 2613
705 1270
1271 3022
1272 2139
1273 2524
710 1274
1275 4238
1276 4228
1277 3044
552 1278
1279 2809
1014 1280
1281 1905
1282 4554
1283 2298
1284 3263
591 1285
1286 4577
1287 1449
194 1288
1289 1717
280 1290
1291 2814
1292 1819
1293 2668
1152 1294
1283 1295
1296 4146
1138 1297
1298 4926
110 1299
1300 3358
1301 1382
1302 3077
1303 3375
643 1304
1043 1305
1306 1724
1307 3560
1308 3706
1309 1426
1310 3978
1311 3260
1050 1312
441 1313
1314 1616
1141 1315
1316 1915
1317 4292
1318 2816
1011 1319
1320 2208
1050 1321
673 1322
1323 1765
1324 4997
107 1325
1326 4863
1327 3805
1328 2899
1329 4184
1330 4371
1331 3229
1332 2225
1333 4948
1334 2068
1335 3719
1243 1336
1337 2392
1338 2741
1339 2453
221 1340
1341 2220
798 1342
488 1343
329 1344
861 1345
1346 4290
1347 4319
1348 4216
1349 3016
1350 3662
1351 3954
1352 2468
1353 3338
1354 2700
1355 3783
1356 3173
1357 4636
1358 4659
947 1359
1360 1957
1361 1605
1362 2924
1363 3576
1364 4930
170 1365
1366 3245
1367 2706
1368 4464
520 1369
1370 2296
1371 3840
1372 1875
1373 1463
1374 2721
1375 4744
1376 1440
1377 3185
1378 4097
1379 1997
1380 1515
1381 1494
1346 1382
1383 2016
678 1384
1385 2166
1386 2339
1387 3598
1388 2246
1389 3571
1390 1997
1391 4413
1392 2144
1393 1644
771 1394
1395 1648
1396 2607
1397 1718
1398 3341
1399 4071
1400 1655
1401 3521
1402 4005
1403 4467
1404 3599
1405 2995
35 1406
1407 3788
591 1408
1409 3263
1410 3492
751 1411
1412 1639
202 1413
1414 4538
1415 4088
396 1416
211 1417
1418 4029
374 1419
1420 2487
1421 3676
1422 3818
1423 1927
1424 4419
1425 4320
1426 2360
1427 1757
1428 4224
1429 3202
342 1430
1431 4883
1432 2492
1433 3209
145 1434
1435 2953
1436 2826
1437 3716
1438 3163
1439 4624
1440 2464
1441 3420
1442 2679
1443 3778
1444 4551
461 1445
1446 4326
1447 2440
1448 2977
282 1449
1450 2114
70 1451
1452 3595
1453 1523
1454 2955
1455 3620
871 1456
1457 3589
1458 3210
514 1459
1460 3025
1461 3525
886 1462
1463 4478
1002 1464
1465 2297
1466 3064
1467 1572
1468 4096
1469 3215
1399 1470
1028 1471
1472 2229
1473 4850
1232 1474
1475 4199
1476 1849
1477 3468
1478 3385
1479 2841
249 1480
1481 2748
1482 2701
1483 1866
1484 3513
1344 1485
1486 3759
1487 4790
1427 1488
1186 1489
1490 2354
1031 1491
1492 2521
1493 4224
1494 3311
1004 1495
1197 1496
1339 1497
1498 2796
1499 4088
257 1500
1501 4718
1502 3980
1503 4307
1504 1863
1505 4850
1506 3482
1507 2627
1508 3256
219 1509
1510 1802
1511 4160
892 1512
1513 4680
1449 1514
1515 2395
1516 4881
1282 1517
1518 2580
1519 2257
1520 4337
1521 4855
610 1522
502 1523
1524 3619
1525 1867
1526 4105
56 1527
1017 1528
1529 3408
1530 3485
1531 2088
201 1532
1533 4822
1038 1534
1075 1535
1536 2419
577 1537
1538 3210
1539 3714
1540 4781
1541 3692
1542 4977
1543 3478
1201 1544
1545 3115
1546 3564
1408 1547
1548 3228
1549 4304
1355 1550
1551 2325
130 1552
1553 4633
1554 2492
674 1555
1556 4144
1557 1683
270 1558
1559 3965
1560 2954
1561 2769
472 1562
1563 2530
1564 3553
1565 3915
1171 1566
882 1567
399 1568
1569 3133
1570 4976
1571 3617
1293 1572
268 1573
1574 2884
277 1575
1576 2739
1577 1929
1578 3969
319 1579
1580 4929
1309 1581
1582 2101
1583 4299
1584 2458
1095 1585
1586 4606
511 1587
1588 3094
1589 3040
1590 3994
1591 2631
1592 2618
1593 4873
470 1594
1595 4232
160 1596
461 1597
1598 3596
940 1599
602 1600
1601 4943
1602 4482
1603 4699
731 1604
1605 3284
1606 2681
1213 1607
1608 3414
1280 1609
1610 3227
1611 4073
1612 2561
1613 3053
1614 4529
1615 1749
1616 3018
1535 1617
1618 3693
1409 1619
1620 3502
1621 3347
1622 1904
1623 3686
1624 2359
512 1625
1626 1764
1627 2975
1628 3206
1629 4745
1136 1630
1631 4802
1280 1632
1358 1633
1634 4660
1635 4869
1636 2898
1637 2507
1638 3240
1639 2597
1640 3465
1641 4894
1642 2550
681 1643
616 1644
44 1645
1646 2082
1059 1647
1529 1648
1632 1649
1650 4263
1651 3957
994 1652
740 1653
1654 4322
1655 2988
745 1656
1657 1804
1658 3707
1659 1668
1660 2267
666 1661
1662 4351
1663 3093
776 1664
1665 4779
1666 3452
1667 2117
1668 4184
1669 4032
1670 1873
1671 4757
1672 2515
1673 4598
1674 3497
305 1675
1676 3047
1677 4678
1678 3542
1630 1679
1351 1680
1681 4010
1481 1682
870 1683
1684 3105
1685 3793
1686 1980
1687 3745
1688 2863
1689 4474
1690 3364
990 1691
1692 3646
1693 3344
875 1694
278 1695
1696 1770
1697 4856
1698 3852
671 1699
660 1700
192 1701
496 1702
1703 4303
1704 4873
425 1705
1706 4759
834 1707
1708 3119
836 1709
1710 4096
1711 4182
1712 3553
1713 4623
1714 4549
22 1715
1716 3407
488 1717
1718 3736
1719 4530
1720 2669
1212 1721
1313 1722
1723 3930
1724 3503
1725 3574
1726 2427
1727 1983
1728 3750
1729 4599
1730 4721
1731 2217
1592 1732
1733 4621
1604 1734
1735 4457
1099 1736
1737 4318
1738 3139
1739 3422
1740 2221
708 1741
1742 4357
1743 3428
1744 1903
1294 1745
1746 2724
1747 2969
915 1748
1749 4111
1750 4765
1751 4483
1752 2117
676 1753
1754 3936
1755 4711
1756 2251
1757 2592
1598 1758
1759 2645
1760 2454
1242 1761
1762 2370
805 1763
1615 1764
1765 4482
1766 3560
1767 4360
1686 1768
1769 2830
8 1770
1525 1771
1273 1772
1283 1773
1774 2046
1486 1775
1776 2736
1777 1958
1778 3095
1267 1779
1780 2806
1781 4486
1704 1782
131 1783
1547 1784
1785 3242
1020 1786
1047 1787
1788 2837
1286 1789
1790 4183
1791 2109
1792 2943
1793 3087
1058 1794
1795 2372
1384 1796
1797 2703
806 1798
1100 1799
1800 3596
1801 1840
1298 1802
1587 1803
1804 3491
1805 4252
1806 3472
266 1807
1808 4530
1809 4474
821 1810
1811 3120
1812 3704
1813 3418
1159 1814
562 1815
538 1816
1817 3113
1818 4519
1819 2539
1820 4776
1821 2745
1822 4359
1823 2581
526 1824
543 1825
1826 4786
1827 3613
1828 4149
1829 3648
1830 3409
1831 3675
1363 1832
1833 4322
1834 2842
1835 2340
1836 4839
1837 3996
1799 1838
1568 1839
1840 4660
1143 1841
457 1842
1843 3624
497 1844
1036 1845
611 1846
1847 4517
223 1848
1422 1849
1850 4064
624 1851
1852 3533
1853 3839
1854 4096
1855 3987
1856 3382
417 1857
1858 3993
1859 2949
1812 1860
1861 4288
1436 1862
1863 4148
1864 4053
1865 2170
1866 2936
1664 1867
1868 3137
1630 1869
1870 3922
848 1871
1872 2657
1328 1873
1716 1874
1875 4320
423 1876
1877 4318
1878 2302
1536 1879
1880 3563
1081 1881
1882 3345
1883 4650
1884 3835
1885 3447
1886 2715
1887 4407
1378 1888
498 1889
121 1890
444 1891
1892 2268
1124 1893
1894 3524
1692 1895
1225 1896
1897 3056
1898 1988
1414 1899
123 1900
1901 3439
1902 3085
1375 1903
1904 4539
1905 2876
1906 3798
1907 4706
1908 3288
1909 4945
1910 3457
1282 1911
1876 1912
1913 2505
813 1914
1915 2558
1916 4449
963 1917
1918 2484
958 1919
1920 4542
1819 1921
1922 4051
1923 4772
229 1924
1337 1925
1176 1926
1052 1927
1928 2224
1929 2968
1930 2394
1931 4475
1932 3768
442 1933
275 1934
1935 3347
1936 4274
1937 2860
1938 3772
901 1939
1940 4304
1941 4238
1942 2628
1938 1943
768 1944
514 1945
1853 1946
1947 4096
1948 2164
1275 1949
1950 3503
1951 1970
1952 4972
149 1953
1616 1954
1936 1955
1956 3033
1109 1957
1080 1958
1959 2827
1960 2524
1961 3513
1962 2493
1963 2225
1362 1964
688 1965
1966 3474
1600 1967
1968 2531
1969 3522
1970 2599
1971 2276
419 1972
1973 3101
1974 3761
1975 3250
1976 4548
1977 3993
1978 3370
1979 3111
1980 4410
716 1981
1216 1982
1590 1983
1308 1984
266 1985
1553 1986
277 1987
1627 1988
1989 2937
1990 4337
1991 4257
1453 1992
402 1993
1599 1994
246 1995
1996 4463
1997 3170
1998 4433
274 1999
2000 4771
2001 4097
830 2002
1706 2003
1035 2004
2005 2034
114 2006
2007 3855
1874 2008
2009 4630
1786 2010
2011 2685
2012 2862
2013 4092
2014 3295
2015 4894
2016 3764
356 2017
21 2018
1129 2019
1631 2020
2021 4812
1045 2022
1596 2023
1533 2024
1040 2025
959 2026
2027 3476
2028 3876
2029 2505
1893 2030
2031 4188
2032 2175
2033 2209
2034 2690
2035 4080
2036 4754
2037 2118
2038 3520
2039 3987
2040 4059
1840 2041
1372 2042
2043 3565
1173 2044
1304 2045
2046 3876
2047 4657
2048 2592
2049 3776
1106 2050
1046 2051
865 2052
2053 2379
2054 3303
110 2055
652 2056
1378 2057
2058 3228
2059 3022
2060 3195
2061 3408
2062 4349
2063 2349
2064 2897
1140 2065
2066 4715
2067 2487
240 2068
2069 3867
2070 2602
2071 4657
704 2072
2073 3260
1445 2074
654 2075
1646 2076
2077 3805
2078 2933
50 2079
2080 4007
2081 4863
818 2082
2083 2364
2084 2555
2085 3973
130 2086
635 2087
2088 2423
2089 4906
2090 2671
1909 2091
1331 2092
1372 2093
1177 2094
2095 3059
1542 2096
2097 4583
2098 4566
2099 3077
2100 4239
2101 4563
2102 3881
1917 2103
2104 3046
2105 2425
2106 3800
2107 2809
2108 4523
642 2109
2110 3818
1066 2111
2112 3364
2113 4090
2114 4680
732 2115
2116 4614
1756 2117
2118 2139
1439 2119
2120 2773
2121 3728
547 2122
731 2123
2124 3542
878 2125
442 2126
1338 2127
2128 3803
2129 3448
2130 3332
2131 4898
1472 2132
2133 4249
2134 3440
390 2135
698 2136
2137 3011
1107 2138
2139 3695
1307 2140
2141 4497
2142 3870
2143 4775
1967 2144
2145 4103
2146 2823
2147 4951
2148 3501
1948 2149
2150 3135
2151 3661
2152 4199
2153 4196
2154 3963
2155 4590
1049 2156
600 2157
1395 2158
2159 3255
1202 2160
2161 3064
314 2162
2163 3238
2164 4056
1800 2165
1423 2166
2167 4569
2168 3193
2169 3546
2170 3295
2171 2563
67 2172
2173 3761
802 2174
525 2175
2176 4309
580 2177
2178 2781
2179 3822
1210 2180
2181 4389
2182 3814
1608 2183
2184 4234
2185 2703
191 2186
718 2187
1064 2188
359 2189
1229 2190
1531 2191
2130 2192
2193 4756
2194 2950
2195 4730
2196 4905
1862 2197
2016 2198
521 2199
623 2200
2201 3735
2202 3472
2203 3912
2204 4081
2205 4109
2206 3705
2207 4593
2208 3395
2209 3151
436 2210
2211 4361
2212 3204
271 2213
2214 3296
2215 3230
369 2216
2009 2217
2218 3563
666 2219
2220 4038
2221 4445
65 2222
291 2223
2224 2342
852 2225
596 2226
2227 2472
1817 2228
2229 2382
1217 2230
2231 2711
1349 2232
1701 2233
2234 3279
2235 3852
2236 4655
2237 4315
1576 2238
2239 2255
2211 2240
892 2241
1723 2242
2243 4417
481 2244
2245 3121
2246 4311
2247 2643
1826 2248
2249 4359
2250 3201
838 2251
2252 2530
2253 2831
2254 4701
2255 2406
2256 3890
2257 2892
2258 3252
2259 4941
2260 4332
710 2261
2262 4854
2263 2774
2264 2550
2265 3198
2266 2683
2267 3873
2268 4090
912 2269
444 2270
2168 2271
2272 3415
2273 4315
2274 4715
489 2275
143 2276
23 2277
1858 2278
2279 4155
387 2280
2281 4353
2282 4833
2283 4651
2284 4820
1540 2285
2286 4065
2287 4101
2288 2975
2289 4186
2290 4007
1732 2291
543 2292
244 2293
1418 2294
2295 3945
2296 3803
2297 4505
2298 4210
656 2299
2300 2558
1435 2301
2302 4897
1455 2303
267 2304
665 2305
2306 3024
2307 3991
1289 2308
2309 4608
2310 4574
2311 4556
1778 2312
2313 2943
2314 4456
2315 2375
232 2316
2317 4765
2041 2318
2319 3506
2320 3422
1940 2321
2322 2492
551 2323
335 2324
2325 4981
2326 3287
104 2327
2328 3698
2298 2329
1978 2330
1412 2331
2332 4852
904 2333
2334 3859
288 2335
1878 2336
1840 2337
2338 3723
2339 4236
2164 2340
74 2341
723 2342
2343 4082
2344 3871
72 2345
1709 2346
996 2347
139 2348
2349 4102
1611 2350
2351 4194
2352 4734
325 2353
2354 3225
2355 2568
2356 4705
2357 4262
2358 3648
2359 4856
1 2360
2361 3463
1041 2362
2363 3091
2364 4807
930 2365
837 2366
2367 3507
2368 3582
2369 2542
2370 2409
2371 3195
2372 4388
606 2373
1725 2374
2375 3188
2376 4882
2377 4836
2378 4104
247 2379
179 2380
2381 2965
1369 2382
2383 2793
2384 2588
1143 2385
2386 4589
2387 2529
1814 2388
595 2389
2390 2523
2391 3009
2392 2457
2393 4027
206 2394
159 2395
2396 4087
1030 2397
980 2398
834 2399
2400 3110
1082 2401
1435 2402
474 2403
2036 2404
1328 2405
2359 2406
2407 2564
834 2408
368 2409
581 2410
1115 2411
2412 4198
1051 2413
2414 3242
668 2415
2416 3524
2417 3919
1281 2418
2419 4922
2420 4218
2304 2421
2422 4571
2423 4355
1600 2424
2111 2425
800 2426
1869 2427
807 2428
2159 2429
1658 2430
711 2431
1341 2432
2433 4804
2434 3708
2435 4651
2436 4923
1090 2437
821 2438
1121 2439
2440 3718
1898 2441
1188 2442
2443 3237
2444 2828
2445 3073
2177 2446
1058 2447
428 2448
2449 3666
1704 2450
2451 3454
2452 4127
2453 2690
2454 4165
2455 3404
2456 3747
533 2457
762 2458
2459 3903
2460 2952
1040 2461
2462 2685
455 2463
2464 2489
2465 4559
1116 2466
625 2467
2468 4886
2190 2469
1568 2470
517 2471
2472 4281
8 2473
2474 4061
1181 2475
1076 2476
1909 2477
2478 4363
455 2479
2296 2480
376 2481
896 2482
2483 3233
2484 4978
2301 2485
2486 2981
1975 2487
2488 4685
2489 3924
2490 3787
2491 3211
1778 2492
0 2493
2494 4171
2495 3056
2496 2912
339 2497
2175 2498
2499 4620
2500 4280
1940 2501
1715 2502
2503 2571
2029 2504
2505 2949
1655 2506
2507 4256
1635 2508
314 2509
915 2510
1691 2511
2512 3268
2513 3493
2514 4963
1860 2515
81 2516
2517 4094
2518 3020
2519 2960
940 2520
1981 2521
2476 2522
2523 2697
2057 2524
1868 2525
2526 4378
2527 3978
1699 2528
619 2529
997 2530
2531 3621
1156 2532
2533 4898
2534 3209
1729 2535
1177 2536
2485 2537
619 2538
2539 4329
1115 2540
692 2541
2542 4063
1589 2543
1782 2544
1249 2545
2546 4025
2547 3077
82 2548
1578 2549
2550 3928
2551 3540
537 2552
2553 2589
1564 2554
2555 3727
2556 3248
2557 4274
2558 3255
2559 4514
2560 4470
2561 3397
2562 4741
2020 2563
709 2564
61 2565
2561 2566
2567 4727
937 2568
927 2569
809 2570
1777 2571
2572 3273
2573 4343
1950 2574
2575 3388
2576 2894
1421 2577
2578 3522
2579 4522
2580 3335
2368 2581
2582 2976
2583 2996
2584 4567
2414 2585
2179 2586
2587 3398
2588 4443
1073 2589
2590 3278
654 2591
2461 2592
135 2593
2594 4216
2595 4636
2596 3421
2597 3692
160 2598
1483 2599
2600 3742
2601 4599
2602 3902
2603 3849
2604 4580
640 2605
2606 3821
171 2607
2608 4789
648 2609
2193 2610
2169 2611
2612 2901
2613 3772
1421 2614
2615 3596
1903 2616
958 2617
2451 2618
203 2619
1704 2620
801 2621
2622 4020
1429 2623
1613 2624
2625 4587
409 2626
1010 2627
2628 3421
2629 4643
1676 2630
547 2631
1561 2632
2633 3815
1889 2634
54 2635
2024 2636
2637 3693
2199 2638
357 2639
2640 3431
2641 2964
2642 3287
2643 4038
1612 2644
2645 3093
1902 2646
2647 3044
523 2648
1816 2649
566 2650
2330 2651
374 2652
1275 2653
2654 4429
2655 3827
285 2656
1618 2657
2658 3897
2659 4315
2660 4429
1136 2661
2662 2918
2663 4275
2664 3075
2629 2665
2472 2666
1565 2667
910 2668
241 2669
2261 2670
2671 3683
2672 4156
473 2673
2674 3946
2675 2947
1604 2676
2677 3801
2173 2678
1173 2679
939 2680
2681 4197
892 2682
287 2683
737 2684
2273 2685
118 2686
1925 2687
49 2688
1813 2689
1977 2690
2335 2691
2692 4445
2693 3915
2694 4586
2695 4139
2696 3688
2697 2950
2311 2698
1449 2699
2377 2700
2701 4865
2702 3908
844 2703
2704 3048
2705 3839
2173 2706
1411 2707
2708 3156
2230 2709
2710 3455
2711 3706
2712 3550
2713 4647
2714 3695
1154 2715
167 2716
1550 2717
2718 4755
2108 2719
678 2720
2721 3080
2127 2722
97 2723
2724 3846
2725 4555
1042 2726
2096 2727
2728 2739
2729 4623
793 2730
2731 3738
897 2732
2733 4743
2734 3707
564 2735
2736 3830
2737 3849
416 2738
2739 2748
2740 2866
2741 2908
2742 4831
1838 2743
2744 3464
1211 2745
2746 4025
2747 4522
2748 4134
2749 4863
514 2750
2642 2751
2752 3512
1095 2753
2114 2754
1819 2755
2756 4520
682 2757
2758 2888
541 2759
2760 4640
810 2761
436 2762
2763 3831
1370 2764
2765 3346
666 2766
458 2767
1643 2768
1605 2769
2187 2770
1724 2771
2772 3270
2773 3228
1266 2774
492 2775
959 2776
1816 2777
76 2778
2218 2779
1553 2780
118 2781
2782 4747
2762 2783
2461 2784
2785 4940
2602 2786
211 2787
2788 3899
2789 4955
2790 3119
1609 2791
2792 4960
2793 3196
2794 4490
2795 4473
284 2796
0 2797
1659 2798
850 2799
2800 3607
1102 2801
966 2802
761 2803
2804 4658
1637 2805
2806 3379
2807 4653
657 2808
2319 2809
2691 2810
2811 3040
2812 3910
2813 3056
2814 2827
390 2815
2816 3234
311 2817
2818 4129
2819 2897
1474 2820
1235 2821
1927 2822
1220 2823
2669 2824
2825 4053
1852 2826
2827 3856
2118 2828
1716 2829
2830 4820
2831 3815
2832 2998
667 2833
2659 2834
1410 2835
2836 3616
2837 4505
750 2838
2534 2839
1988 2840
2841 4623
2842 4907
2843 4851
2147 2844
1914 2845
2182 2846
1263 2847
2848 3236
2849 2871
1587 2850
147 2851
979 2852
2853 3040
2334 2854
2855 3612
257 2856
991 2857
2852 2858
2859 4845
2254 2860
46 2861
2862 3914
2863 4927
2864 2907
1748 2865
199 2866
1322 2867
2868 2996
2869 4316
2870 3587
2871 4522
471 2872
1429 2873
1654 2874
2875 3988
2876 4678
1171 2877
1852 2878
2879 4679
2880 3553
2881 4046
1119 2882
2883 4278
2884 3145
2669 2885
618 2886
2887 4700
2599 2888
2889 4583
2890 3934
455 2891
2394 2892
2893 3369
1556 2894
2074 2895
2896 3045
82 2897
2898 3617
267 2899
1007 2900
2901 4628
2745 2902
2903 4817
1906 2904
2905 4442
2906 3410
763 2907
2908 4252
2909 3627
269 2910
2911 4577
2912 3296
2913 4279
2914 3691
2915 3364
2916 3512
419 2917
2918 4562
359 2919
2449 2920
227 2921
2922 3274
2923 4835
1544 2924
2091 2925
1323 2926
1608 2927
1996 2928
1802 2929
2930 4936
2931 4962
2932 4180
2933 4301
2934 3444
2555 2935
562 2936
1473 2937
2287 2938
2372 2939
2940 3815
473 2941
2942 3179
2943 3706
2944 4035
2945 4466
2946 4077
1704 2947
2948 3411
2949 4081
369 2950
2635 2951
2764 2952
2953 3955
1421 2954
2955 4576
660 2956
2957 3804
2958 4605
2959 4938
2668 2960
2961 4519
2962 3602
2625 2963
1504 2964
2965 3382
2966 3007
2967 4113
888 2968
2175 2969
108 2970
2857 2971
2150 2972
1369 2973
2084 2974
2975 3330
1024 2976
2977 4973
961 2978
1080 2979
2980 4206
2981 3401
1218 2982
2983 3651
2984 4598
2985 4002
1935 2986
2987 4727
2364 2988
2989 3494
1204 2990
2991 4245
1975 2992
768 2993
821 2994
2995 3899
2996 3422
2254 2997
2998 4801
2999 3874
1960 3000
950 3001
489 3002
1745 3003
3004 3459
3005 4719
3006 4974
3007 3664
2663 3008
3009 3808
1186 3010
1807 3011
756 3012
142 3013
1113 3014
3015 3479
2702 3016
1012 3017
3018 4874
3019 4984
2601 3020
1010 3021
3022 3517
826 3023
1017 3024
3025 3849
1674 3026
1934 3027
3028 4453
2103 3029
3030 4194
3031 4177
3032 4555
2765 3033
3034 3943
1678 3035
3036 4330
2672 3037
3038 3910
659 3039
3040 4801
1093 3041
3042 4714
3043 3598
3044 4652
974 3045
425 3046
3047 4925
3048 4114
3049 4267
953 3050
2260 3051
1613 3052
2077 3053
2608 3054
1667 3055
3056 3836
1135 3057
401 3058
1297 3059
169 3060
3061 4299
2671 3062
2479 3063
3064 3928
3065 3670
3066 4896
2122 3067
3068 3774
2279 3069
1854 3070
711 3071
3072 4094
606 3073
2384 3074
3009 3075
3076 3875
1843 3077
2180 3078
822 3079
2130 3080
3081 3517
3082 3794
3083 4763
3084 4670
3085 4676
1837 3086
555 3087
1123 3088
3089 4344
2309 3090
221 3091
1605 3092
3093 4559
3094 4056
2174 3095
1666 3096
2899 3097
3049 3098
53 3099
152 3100
3101 3522
1735 3102
3103 3548
3104 3272
1686 3105
3106 4016
657 3107
3108 4609
2679 3109
2093 3110
3111 3836
521 3112
3113 3672
11 3114
1663 3115
1286 3116
563 3117
2106 3118
2882 3119
3120 3643
3121 3791
3122 4738
2927 3123
622 3124
3125 4820
2256 3126
1720 3127
3128 4235
2494 3129
3130 3330
220 3131
3132 3978
3133 3681
3134 3230
3135 4558
2350 3136
3137 3943
3138 3541
617 3139
424 3140
3141 4867
3101 3142
2877 3143
1214 3144
3145 4418
2367 3146
1493 3147
3063 3148
3149 4262
238 3150
2197 3151
1806 3152
526 3153
36 3154
641 3155
3156 4771
975 3157
2012 3158
3159 4696
1841 3160
3161 4200
2304 3162
2706 3163
3164 3294
3165 3296
693 3166
1853 3167
2397 3168
2309 3169
2691 3170
2765 3171
250 3172
2128 3173
81 3174
1853 3175
3176 3440
453 3177
2271 3178
3179 3671
3180 4363
2577 3181
2276 3182
3183 4098
719 3184
3185 3717
256 3186
3187 4563
3188 4098
459 3189
2687 3190
810 3191
1629 3192
25 3193
3194 3351
2109 3195
1137 3196
931 3197
3198 4171
2905 3199
3200 4711
3201 3203
508 3202
1755 3203
3204 4378
2306 3205
1144 3206
3207 4666
3208 3766
122 3209
2340 3210
1318 3211
3212 3295
3213 3938
2852 3214
3215 3315
1734 3216
3052 3217
3218 3830
389 3219
3220 4728
447 3221
695 3222
3223 4907
1179 3224
3225 3283
1303 3226
3227 4582
2982 3228
859 3229
3230 3677
2837 3231
3232 4504
3175 3233
1737 3234
1214 3235
1811 3236
1689 3237
1148 3238
1022 3239
2354 3240
1643 3241
991 3242
1539 3243
2147 3244
3245 3532
3246 4574
1117 3247
3248 4061
2272 3249
3250 3340
3251 4007
3252 4497
377 3253
3254 4335
1870 3255
3256 3296
3052 3257
3258 3882
3259 4577
3260 3527
3261 3568
2463 3262
2662 3263
3264 4115
3265 3613
46 3266
2375 3267
3065 3268
921 3269
2359 3270
576 3271
859 3272
2229 3273
114 3274
2759 3275
3276 4327
834 3277
1658 3278
1935 3279
2286 3280
3281 3727
134 3282
3082 3283
1032 3284
2920 3285
3286 4800
58 3287
170 3288
735 3289
146 3290
349 3291
3292 4930
3270 3293
3294 4893
1767 3295
3296 3801
190 3297
649 3298
460 3299
3300 3764
3301 3358
925 3302
3303 4553
2395 3304
786 3305
86 3306
1056 3307
2852 3308
843 3309
3310 3923
2224 3311
2776 3312
2322 3313
768 3314
3315 3684
2954 3316
1172 3317
722 3318
3319 4520
431 3320
3190 3321
3322 4872
1876 3323
2644 3324
3325 3941
2078 3326
752 3327
2497 3328
2234 3329
3330 4426
3331 3421
1846 3332
1791 3333
3334 4945
3335 3773
437 3336
1435 3337
3338 4290
3339 3450
1290 3340
1734 3341
3342 4248
3343 4664
287 3344
1062 3345
333 3346
3302 3347
1403 3348
3349 3946
483 3350
637 3351
557 3352
2562 3353
1256 3354
2020 3355
645 3356
436 3357
1893 3358
417 3359
3360 4057
1995 3361
1708 3362
3363 3723
3364 3708
2375 3365
3366 4760
2157 3367
3368 4082
789 3369
3370 3571
3371 4546
3372 3960
3373 4038
1771 3374
3375 4323
2012 3376
1883 3377
1433 3378
2153 3379
2564 3380
653 3381
1056 3382
3383 4491
3384 4745
3385 4111
1473 3386
776 3387
1752 3388
824 3389
565 3390
411 3391
2759 3392
3379 3393
3394 3815
2466 3395
751 3396
577 3397
1342 3398
3399 3830
781 3400
1718 3401
3402 3561
3403 4494
656 3404
1614 3405
3406 4991
578 3407
916 3408
1999 3409
3245 3410
506 3411
1343 3412
356 3413
3326 3414
2867 3415
1319 3416
1483 3417
3418 4216
2692 3419
552 3420
2602 3421
2635 3422
2451 3423
960 3424
3005 3425
215 3426
35 3427
337 3428
966 3429
3430 4158
3431 4420
1649 3432
1031 3433
3434 3827
1589 3435
3436 4923
3057 3437
2254 3438
1887 3439
2922 3440
3441 4430
372 3442
3443 4640
2792 3444
619 3445
1323 3446
2035 3447
131 3448
809 3449
3450 4194
3003 3451
1316 3452
3203 3453
1159 3454
750 3455
2087 3456
210 3457
3458 4390
3459 4876
2857 3460
3461 4808
3183 3462
3463 4669
3464 4980
3465 4245
1092 3466
1999 3467
2549 3468
492 3469
3470 4141
3471 4948
2638 3472
3473 4326
3474 3962
1525 3475
3268 3476
698 3477
241 3478
962 3479
3480 4147
3481 4349
3482 3888
983 3483
3484 4332
2557 3485
674 3486
2226 3487
2273 3488
2844 3489
2809 3490
3491 4869
365 3492
3493 4160
3494 3605
286 3495
3496 3920
1010 3497
3498 4504
529 3499
3500 3691
3501 4395
3379 3502
655 3503
1363 3504
3505 3875
3506 3522
3507 3541
744 3508
1891 3509
2898 3510
2005 3511
232 3512
1841 3513
282 3514
3515 4739
3516 4729
1804 3517
1551 3518
2417 3519
669 3520
199 3521
2348 3522
1430 3523
2471 3524
2305 3525
449 3526
2777 3527
1556 3528
3529 3715
3530 4815
2768 3531
614 3532
336 3533
3534 4727
1554 3535
3440 3536
3062 3537
3121 3538
3539 3897
2872 3540
1868 3541
1423 3542
3543 4947
2977 3544
3545 4788
1989 3546
1195 3547
3548 4817
3145 3549
1351 3550
3551 4797
3552 4162
2172 3553
3554 4389
3555 3807
607 3556
3557 3676
3558 4648
1724 3559
518 3560
2022 3561
1737 3562
1499 3563
3564 4346
472 3565
3512 3566
296 3567
1236 3568
2866 3569
952 3570
627 3571
1582 3572
2131 3573
27 3574
3575 4614
3576 4760
32 3577
2305 3578
924 3579
3552 3580
3581 4729
276 3582
201 3583
2565 3584
3509 3585
1871 3586
453 3587
1157 3588
1414 3589
2195 3590
3591 4223
1181 3592
2215 3593
1842 3594
2661 3595
1873 3596
2626 3597
3598 3745
3599 4210
1866 3600
3202 3601
1723 3602
2955 3603
143 3604
484 3605
3077 3606
2045 3607
256 3608
3609 3674
3312 3610
3611 3986
2067 3612
2475 3613
2404 3614
3615 4558
3616 4636
3490 3617
3618 4244
1477 3619
3560 3620
3194 3621
547 3622
2385 3623
901 3624
3625 4152
2976 3626
2058 3627
855 3628
3585 3629
149 3630
2277 3631
107 3632
3633 3691
3634 4276
3635 4176
143 3636
2022 3637
161 3638
75 3639
2413 3640
1260 3641
897 3642
3091 3643
1728 3644
3645 4949
2985 3646
3647 4439
839 3648
2926 3649
2521 3650
558 3651
2948 3652
1810 3653
3654 4882
3449 3655
3656 4215
448 3657
3658 4650
1961 3659
999 3660
1403 3661
3662 4651
3663 4240
3461 3664
2029 3665
3168 3666
3667 4427
2075 3668
2781 3669
1915 3670
2957 3671
3672 4858
3551 3673
3632 3674
3675 4356
264 3676
3677 4605
3672 3678
423 3679
171 3680
244 3681
1418 3682
2892 3683
234 3684
3685 4141
3489 3686
1717 3687
2153 3688
3576 3689
1267 3690
3691 4681
1368 3692
3548 3693
2516 3694
3014 3695
1486 3696
812 3697
3698 4207
2078 3699
389 3700
3701 4481
936 3702
3703 3930
794 3704
760 3705
1603 3706
3163 3707
206 3708
2494 3709
3710 4432
3069 3711
3712 4679
588 3713
1525 3714
3715 4985
1700 3716
18 3717
1126 3718
1469 3719
67 3720
3721 3839
3488 3722
3500 3723
1746 3724
2014 3725
2378 3726
2024 3727
2012 3728
930 3729
3501 3730
1219 3731
3263 3732
2566 3733
2454 3734
3735 4490
1287 3736
358 3737
3485 3738
3245 3739
2416 3740
2424 3741
3098 3742
2370 3743
3207 3744
2853 3745
3746 4977
2263 3747
3226 3748
1195 3749
3750 4055
2603 3751
364 3752
1371 3753
1226 3754
3755 4541
3541 3756
943 3757
700 3758
2590 3759
2412 3760
3425 3761
790 3762
746 3763
2245 3764
3613 3765
1719 3766
2152 3767
1595 3768
424 3769
2120 3770
1488 3771
3772 4966
2100 3773
739 3774
2801 3775
3429 3776
2367 3777
2228 3778
1068 3779
653 3780
961 3781
885 3782
3783 4708
3117 3784
3785 4714
979 3786
110 3787
783 3788
3789 4354
3149 3790
36 3791
3442 3792
1629 3793
1208 3794
202 3795
3796 4856
3493 3797
2470 3798
1627 3799
3675 3800
250 3801
326 3802
3803 3821
792 3804
2503 3805
3806 4970
3807 4291
3346 3808
3809 4188
3810 4446
3488 3811
816 3812
1698 3813
1797 3814
3508 3815
415 3816
1358 3817
3588 3818
460 3819
1466 3820
3821 4067
2678 3822
494 3823
2016 3824
3299 3825
1023 3826
750 3827
3439 3828
776 3829
80 3830
3081 3831
1508 3832
2306 3833
401 3834
2193 3835
3836 4815
3310 3837
478 3838
2045 3839
533 3840
51 3841
3420 3842
3843 4519
3749 3844
1731 3845
852 3846
3847 4260
576 3848
2642 3849
2419 3850
2759 3851
1121 3852
2281 3853
3854 4906
1856 3855
3856 3885
1488 3857
317 3858
1219 3859
1384 3860
3861 4915
3748 3862
1603 3863
1031 3864
1580 3865
3066 3866
220 3867
3868 3914
458 3869
1035 3870
799 3871
2523 3872
3720 3873
266 3874
2518 3875
2129 3876
3137 3877
1849 3878
1471 3879
2065 3880
3881 4194
2981 3882
1024 3883
3884 4443
3537 3885
948 3886
1774 3887
1741 3888
3358 3889
3838 3890
1844 3891
134 3892
1598 3893
3894 4419
3895 4175
2861 3896
3897 4495
1759 3898
645 3899
2081 3900
546 3901
294 3902
621 3903
3904 4796
3905 4749
225 3906
1476 3907
1847 3908
465 3909
359 3910
2186 3911
3912 4888
1216 3913
1686 3914
492 3915
3164 3916
3204 3917
3918 4745
697 3919
3920 4074
3917 3921
3719 3922
3897 3923
190 3924
3718 3925
516 3926
1210 3927
57 3928
835 3929
1130 3930
3196 3931
2232 3932
3022 3933
2268 3934
752 3935
3884 3936
3937 4744
3938 4949
2645 3939
1661 3940
476 3941
2288 3942
3943 4354
312 3944
2564 3945
2948 3946
3947 4408
3948 4132
1631 3949
549 3950
2905 3951
1494 3952
3953 4969
3532 3954
3955 4609
3956 4887
456 3957
3704 3958
3959 4147
1607 3960
1386 3961
3595 3962
3660 3963
2773 3964
3471 3965
3559 3966
2076 3967
3968 4820
3726 3969
481 3970
3971 4082
1245 3972
2240 3973
42 3974
2732 3975
3164 3976
2387 3977
2113 3978
2964 3979
3980 4113
1906 3981
3982 4882
3983 4100
1188 3984
4 3985
566 3986
3179 3987
786 3988
3482 3989
1248 3990
3991 4583
2776 3992
3993 4135
2972 3994
3995 4112
2650 3996
3931 3997
1303 3998
1380 3999
1528 4000
4001 4352
1980 4002
237 4003
1205 4004
778 4005
1848 4006
1500 4007
1077 4008
1539 4009
2290 4010
131 4011
230 4012
2660 4013
2864 4014
251 4015
2457 4016
1986 4017
1760 4018
2964 4019
3371 4020
2051 4021
1958 4022
3448 4023
345 4024
2020 4025
3160 4026
2093 4027
1703 4028
4029 4581
3723 4030
3326 4031
2542 4032
2969 4033
1954 4034
618 4035
2058 4036
4037 4920
1691 4038
2127 4039
1374 4040
337 4041
3022 4042
3862 4043
186 4044
3218 4045
3845 4046
17 4047
497 4048
772 4049
1534 4050
124 4051
1596 4052
4053 4714
2557 4054
1925 4055
367 4056
1911 4057
4058 4653
3197 4059
990 4060
1445 4061
4062 4558
181 4063
501 4064
108 4065
1020 4066
90 4067
2497 4068
2096 4069
3089 4070
370 4071
3155 4072
1361 4073
4074 4629
2299 4075
1115 4076
1275 4077
1520 4078
3882 4079
2798 4080
534 4081
850 4082
617 4083
802 4084
3856 4085
3312 4086
4087 4157
1950 4088
2517 4089
2487 4090
3247 4091
4092 4975
2660 4093
2735 4094
4095 4412
4096 4145
2437 4097
4098 4402
1080 4099
1359 4100
764 4101
4041 4102
1032 4103
4102 4104
757 4105
353 4106
447 4107
219 4108
1867 4109
875 4110
1087 4111
2710 4112
1964 4113
593 4114
3971 4115
4014 4116
1132 4117
462 4118
1506 4119
290 4120
2868 4121
4122 4295
1176 4123
525 4124
4125 4932
4084 4126
72 4127
2851 4128
3444 4129
2333 4130
1260 4131
3007 4132
398 4133
2331 4134
1476 4135
834 4136
710 4137
408 4138
2501 4139
1613 4140
2444 4141
4142 4947
3574 4143
3647 4144
318 4145
3365 4146
3099 4147
2999 4148
2748 4149
185 4150
803 4151
983 4152
1302 4153
1338 4154
1923 4155
24 4156
1135 4157
1635 4158
4159 4188
2942 4160
1387 4161
819 4162
1417 4163
8 4164
2938 4165
1185 4166
3117 4167
3883 4168
325 4169
2287 4170
1293 4171
383 4172
4173 4696
4174 4988
2194 4175
2096 4176
933 4177
2881 4178
825 4179
4180 4749
2009 4181
4182 4488
589 4183
2929 4184
4185 4482
1172 4186
4187 4483
4188 4553
4189 4455
4190 4830
1163 4191
2696 4192
4193 4537
1120 4194
3107 4195
65 4196
899 4197
3274 4198
4058 4199
4172 4200
4201 4640
4202 4792
600 4203
3682 4204
1310 4205
1502 4206
3863 4207
2590 4208
120 4209
3320 4210
4211 4317
2087 4212
3718 4213
1865 4214
3380 4215
4216 4963
2630 4217
1264 4218
4219 4256
4220 4751
2347 4221
1895 4222
1143 4223
420 4224
307 4225
2589 4226
2878 4227
3842 4228
2837 4229
2764 4230
3248 4231
1084 4232
1689 4233
614 4234
568 4235
468 4236
3489 4237
1732 4238
1072 4239
3653 4240
3084 4241
3618 4242
26 4243
1591 4244
4245 4681
2830 4246
1918 4247
2679 4248
4249 4595
2989 4250
1245 4251
3258 4252
713 4253
1965 4254
2652 4255
3404 4256
1460 4257
4258 4538
518 4259
2932 4260
4261 4892
3866 4262
4263 4778
1742 4264
2900 4265
3144 4266
4267 4638
3225 4268
3908 4269
2668 4270
1345 4271
1314 4272
3346 4273
1208 4274
3029 4275
134 4276
1024 4277
1410 4278
2148 4279
4157 4280
688 4281
4256 4282
4283 4629
2859 4284
349 4285
1435 4286
4287 4378
2493 4288
2561 4289
1856 4290
3720 4291
1245 4292
575 4293
4294 4679
2985 4295
1610 4296
2164 4297
2222 4298
4299 4871
2277 4300
4301 4839
3561 4302
4288 4303
2789 4304
3291 4305
3208 4306
3515 4307
4308 4470
95 4309
3004 4310
926 4311
334 4312
1136 4313
3468 4314
2916 4315
2196 4316
3659 4317
4318 4441
1381 4319
372 4320
4321 4693
3619 4322
3697 4323
4324 4566
3725 4325
1070 4326
4327 4872
681 4328
682 4329
2204 4330
2259 4331
2678 4332
2741 4333
1408 4334
3387 4335
2006 4336
3779 4337
4338 4969
2935 4339
687 4340
287 4341
4307 4342
1634 4343
2191 4344
866 4345
3859 4346
3463 4347
719 4348
369 4349
186 4350
1025 4351
4014 4352
3647 4353
3037 4354
1256 4355
3986 4356
4357 4537
4358 4828
4359 4675
616 4360
248 4361
3716 4362
731 4363
868 4364
2516 4365
1574 4366
2043 4367
2697 4368
103 4369
1470 4370
1677 4371
4372 4598
4373 4941
3576 4374
1795 4375
2651 4376
2371 4377
2353 4378
4379 4506
2176 4380
3907 4381
2082 4382
4048 4383
3502 4384
625 4385
4386 4901
1685 4387
539 4388
1466 4389
475 4390
2760 4391
4263 4392
2872 4393
1393 4394
2053 4395
1417 4396
4397 4816
2281 4398
829 4399
1970 4400
4401 4912
3787 4402
2412 4403
4404 4995
5 4405
1487 4406
1447 4407
457 4408
826 4409
2864 4410
2208 4411
2134 4412
404 4413
3841 4414
3552 4415
2746 4416
1838 4417
3466 4418
3974 4419
49 4420
1883 4421
2941 4422
2634 4423
4424 4738
4425 4490
466 4426
4257 4427
3582 4428
1177 4429
600 4430
3418 4431
123 4432
2340 4433
3072 4434
914 4435
1574 4436
2372 4437
4082 4438
2753 4439
1924 4440
3995 4441
1701 4442
1166 4443
1213 4444
157 4445
4172 4446
1968 4447
4065 4448
962 4449
676 4450
26 4451
1404 4452
99 4453
1761 4454
1567 4455
2064 4456
2524 4457
4458 4590
1707 4459
2932 4460
2307 4461
1886 4462
1552 4463
214 4464
2829 4465
368 4466
384 4467
1498 4468
1424 4469
1270 4470
913 4471
1955 4472
439 4473
2494 4474
2835 4475
290 4476
3434 4477
1519 4478
2161 4479
2704 4480
4075 4481
4482 4823
638 4483
1748 4484
2679 4485
2715 4486
4249 4487
1219 4488
2224 4489
2590 4490
4491 4749
2573 4492
3543 4493
299 4494
2835 4495
1235 4496
2553 4497
1100 4498
2018 4499
3587 4500
2765 4501
201 4502
3877 4503
3 4504
2889 4505
2623 4506
3941 4507
3919 4508
2569 4509
4510 4687
2225 4511
194 4512
1110 4513
3291 4514
3101 4515
2120 4516
4126 4517
2247 4518
4519 4551
4519 4520
1412 4521
2594 4522
2305 4523
1412 4524
1461 4525
2669 4526
3221 4527
425 4528
382 4529
3088 4530
1804 4531
4532 4898
933 4533
1569 4534
1375 4535
4536 4830
1943 4537
3072 4538
832 4539
1279 4540
320 4541
3177 4542
2066 4543
4354 4544
2861 4545
2826 4546
2785 4547
40 4548
1241 4549
4250 4550
415 4551
3073 4552
1965 4553
3845 4554
2403 4555
278 4556
3742 4557
2974 4558
3075 4559
4223 4560
3078 4561
2902 4562
751 4563
614 4564
2937 4565
4566 4853
1825 4567
1338 4568
4471 4569
4320 4570
4571 4904
1091 4572
3509 4573
2959 4574
2647 4575
1567 4576
143 4577
2726 4578
3766 4579
3225 4580
3411 4581
997 4582
1506 4583
2719 4584
3997 4585
3496 4586
2171 4587
4144 4588
3035 4589
628 4590
3580 4591
3733 4592
438 4593
4128 4594
1551 4595
3938 4596
4252 4597
2223 4598
1000 4599
2215 4600
3683 4601
606 4602
3476 4603
4001 4604
1955 4605
4606 4857
3650 4607
4608 4689
4442 4609
4395 4610
4246 4611
2413 4612
4613 4697
516 4614
4550 4615
4552 4616
4345 4617
2663 4618
4619 4901
3793 4620
138 4621
4622 4820
1212 4623
4005 4624
4553 4625
2820 4626
4411 4627
201 4628
1210 4629
2627 4630
2825 4631
1777 4632
4121 4633
3433 4634
4349 4635
1226 4636
1898 4637
495 4638
3727 4639
1699 4640
3126 4641
1750 4642
4643 4861
4090 4644
1730 4645
1358 4646
4614 4647
2616 4648
1316 4649
4237 4650
2536 4651
2016 4652
4301 4653
1465 4654
3409 4655
3433 4656
2272 4657
1107 4658
1448 4659
7 4660
686 4661
3713 4662
3081 4663
1843 4664
4582 4665
68 4666
3576 4667
2555 4668
3941 4669
3000 4670
2632 4671
3794 4672
2542 4673
2776 4674
377 4675
128 4676
4677 4942
4359 4678
4568 4679
202 4680
4236 4681
2361 4682
2156 4683
2475 4684
155 4685
1361 4686
1981 4687
3581 4688
2989 4689
1509 4690
4000 4691
3223 4692
2436 4693
3382 4694
733 4695
3018 4696
1976 4697
4698 4985
147 4699
761 4700
4701 4965
3235 4702
180 4703
4361 4704
1116 4705
2253 4706
1985 4707
2475 4708
489 4709
43 4710
363 4711
3710 4712
4590 4713
1428 4714
737 4715
2447 4716
1744 4717
3280 4718
744 4719
70 4720
1249 4721
2848 4722
2403 4723
1329 4724
1725 4725
1069 4726
1028 4727
1826 4728
3297 4729
4173 4730
2259 4731
4732 4809
769 4733
4129 4734
2938 4735
398 4736
4054 4737
2751 4738
105 4739
274 4740
3962 4741
2750 4742
1608 4743
2580 4744
3511 4745
4746 4891
3633 4747
4748 4760
4749 4900
3828 4750
388 4751
1181 4752
2127 4753
4133 4754
279 4755
3951 4756
3799 4757
2751 4758
1711 4759
2723 4760
2726 4761
2083 4762
4642 4763
625 4764
886 4765
3454 4766
4767 4944
3983 4768
4769 4908
881 4770
4733 4771
1347 4772
2854 4773
257 4774
2356 4775
2277 4776
1667 4777
4778 4890
4209 4779
4471 4780
1318 4781
3875 4782
3721 4783
3761 4784
1488 4785
4189 4786
3402 4787
1921 4788
3556 4789
251 4790
4479 4791
4035 4792
4334 4793
4193 4794
2083 4795
4015 4796
1814 4797
4749 4798
4372 4799
1552 4800
2766 4801
1655 4802
3975 4803
4691 4804
2218 4805
1902 4806
3451 4807
4562 4808
1369 4809
3986 4810
2954 4811
1273 4812
2798 4813
4737 4814
4057 4815
3480 4816
840 4817
571 4818
3242 4819
3189 4820
2141 4821
145 4822
4004 4823
1211 4824
611 4825
3282 4826
1205 4827
4198 4828
2877 4829
3751 4830
449 4831
3965 4832
839 4833
1347 4834
4595 4835
1514 4836
3790 4837
4346 4838
1825 4839
399 4840
303 4841
1414 4842
3756 4843
3546 4844
2148 4845
4546 4846
2938 4847
1940 4848
1731 4849
1341 4850
2244 4851
977 4852
4227 4853
3718 4854
1072 4855
2171 4856
1997 4857
1421 4858
32 4859
4831 4860
4595 4861
784 4862
2363 4863
2405 4864
2855 4865
1256 4866
1592 4867
4610 4868
937 4869
2304 4870
6 4871
4387 4872
2485 4873
4693 4874
3210 4875
3258 4876
3843 4877
2917 4878
2819 4879
43 4880
2861 4881
3889 4882
1120 4883
271 4884
2943 4885
3190 4886
445 4887
389 4888
4868 4889
1141 4890
7 4891
2865 4892
4861 4893
2397 4894
96 4895
1838 4896
2791 4897
3992 4898
4058 4899
4718 4900
3416 4901
1443 4902
2132 4903
3444 4904
365 4905
416 4906
3776 4907
632 4908
3676 4909
2550 4910
3992 4911
2830 4912
2973 4913
4560 4914
4240 4915
4060 4916
576 4917
951 4918
3035 4919
4321 4920
507 4921
2142 4922
577 4923
3440 4924
4314 4925
292 4926
3874 4927
1013 4928
685 4929
4161 4930
772 4931
4196 4932
4474 4933
455 4934
727 4935
1082 4936
2772 4937
3226 4938
4435 4939
784 4940
3984 4941
1525 4942
3917 4943
4854 4944
2834 4945
2998 4946
1108 4947
2632 4948
2485 4949
3910 4950
1515 4951
4721 4952
3362 4953
2357 4954
2050 4955
1591 4956
2880 4957
684 4958
4673 4959
1320 4960
3806 4961
4237 4962
2105 4963
3974 4964
4485 4965
1331 4966
1588 4967
3810 4968
3850 4969
4619 4970
565 4971
415 4972
1823 4973
3759 4974
286 4975
581 4976
4954 4977
2245 4978
4322 4979
2831 4980
3504 4981
3356 4982
4579 4983
4685 4984
3187 4985
2609 4986
2529 4987
3467 4988
2035 4989
2907 4990
4139 4991
1729 4992
3996 4993
4514 4994
2209 4995
3260 4996
2772 4997
72 4998
3681 4999
