Number of states (N): 5000
758 399
562 86
533 954
273 232
985 28
160 385
772 62
866 341
838 503
874 229
4 312
266 815
294 412
248 600
11 525
494 121
925 56
207 810
362 481
42 700
509 554
85 633
616 951
975 806
807 201
388 811
513 654
626 159
418 874
111 429
751 605
550 676
14 758
838 728
591 880
428 452
787 865
438 403
169 765
562 976
966 950
139 832
604 765
991 375
991 455
804 94
412 707
123 426
817 961
155 760
194 935
212 981
153 2
736 322
767 298
650 86
248 789
270 205
906 613
580 249
68 736
343 481
795 466
259 612
780 414
372 974
702 937
307 207
939 43
881 707
342 531
145 942
672 415
499 930
28 431
179 449
168 874
930 315
693 541
928 473
308 652
799 10
589 106
217 529
501 98
588 195
981 85
490 5
852 989
935 232
421 466
681 941
340 963
608 385
505 536
210 813
541 9
175 130
467 744
11 321
194 951
516 175
36 6
180 888
348 467
121 121
933 154
414 625
118 22
363 623
911 573
788 452
583 963
582 402
707 946
723 901
897 592
428 286
950 960
174 298
427 647
771 712
802 185
689 920
560 52
895 471
978 683
923 913
998 857
315 57
155 391
958 53
983 738
339 933
50 865
584 829
513 355
541 315
893 582
587 453
987 834
924 965
869 199
878 867
408 193
924 564
584 234
617 919
324 308
853 374
173 789
203 38
144 96
705 37
678 292
490 665
478 766
982 347
965 860
566 726
406 842
290 342
76 259
262 752
919 467
126 92
256 681
483 400
777 188
790 808
833 632
473 311
399 456
659 716
668 577
442 74
420 732
417 848
343 679
601 262
146 79
707 754
761 190
506 538
378 296
346 563
929 172
227 680
980 238
396 648
815 839
723 235
923 140
84 267
171 685
529 669
764 236
423 877
426 281
416 157
578 114
72 859
638 299
539 618
537 935
267 353
126 342
588 50
834 24
317 5
709 846
26 826
83 801
55 861
82 823
18 12
938 91
871 576
390 410
547 280
698 814
633 824
508 221
874 342
246 191
699 307
390 725
485 825
878 541
686 960
364 57
973 654
500 196
583 242
607 130
522 657
296 155
481 804
729 356
498 327
899 197
634 641
274 472
466 152
365 153
112 729
210 437
384 62
634 967
304 593
449 827
250 745
334 731
901 63
439 399
742 691
596 729
332 870
201 799
374 566
304 486
647 866
276 383
928 910
702 584
503 151
411 105
248 98
836 149
513 628
548 256
319 496
985 651
718 186
802 92
104 106
931 751
972 207
135 252
469 837
837 324
989 248
429 237
698 265
739 212
893 639
468 564
136 805
568 854
991 370
299 447
477 230
198 801
789 685
54 610
523 891
934 864
491 363
453 190
980 192
754 226
832 574
790 320
379 358
526 722
81 825
169 910
407 719
711 548
405 117
158 280
8 92
144 852
807 949
394 788
142 500
14 326
74 804
646 453
515 524
175 596
702 696
506 109
415 217
10 172
687 520
452 695
613 948
899 420
898 293
560 392
793 574
718 219
379 716
672 246
240 199
842 942
247 348
404 15
917 766
187 604
286 640
652 251
588 551
24 838
197 584
230 342
159 948
914 890
16 938
136 609
490 330
903 737
678 659
104 947
425 292
552 64
284 556
315 224
459 339
63 8
924 293
703 435
594 617
325 610
555 813
571 397
143 475
135 173
134 591
120 912
883 24
976 519
580 291
744 392
983 159
400 259
804 455
694 398
72 371
361 980
536 932
729 679
759 864
852 894
456 324
806 691
349 782
563 281
425 307
25 408
818 778
19 622
233 65
373 658
436 734
990 972
18 719
3 778
936 207
24 744
532 830
787 233
964 350
866 389
9 892
150 827
22 521
450 255
587 175
265 23
261 255
348 279
327 351
409 263
911 433
359 443
615 146
28 579
497 894
321 506
138 823
334 160
344 136
416 931
311 33
307 572
289 7
203 616
358 613
231 269
398 590
64 14
736 92
593 585
339 266
92 477
89 778
638 786
266 406
69 929
439 376
853 80
383 56
48 94
21 279
715 420
221 132
786 958
224 731
895 915
998 987
393 439
117 383
577 383
789 647
312 580
23 517
661 759
574 709
205 947
341 920
719 562
52 505
872 629
237 120
544 587
107 289
378 577
672 956
312 813
603 625
394 978
494 407
89 68
468 294
368 809
215 87
724 619
945 948
600 534
68 145
121 528
434 499
457 459
807 769
272 762
746 666
93 241
425 182
309 894
477 29
55 44
117 131
15 62
80 616
948 500
761 69
380 547
920 837
6 80
607 279
842 353
297 935
594 723
470 256
969 299
285 24
695 754
156 710
168 588
326 116
440 439
537 173
339 458
10 345
538 969
976 732
323 626
20 269
701 490
525 670
141 163
694 836
917 202
546 438
142 225
554 935
664 92
108 355
902 118
701 792
88 29
876 763
655 896
32 356
738 910
378 879
73 73
715 342
627 614
780 122
191 687
57 207
131 517
563 33
635 616
177 75
645 53
190 653
950 223
361 688
485 740
920 558
165 987
900 792
601 33
266 792
720 675
0 851
192 563
236 180
179 413
255 176
466 798
829 768
373 191
809 858
283 729
416 448
716 668
592 670
701 859
462 421
534 814
624 727
729 860
259 260
273 866
789 92
664 618
860 37
161 669
895 444
398 663
244 467
332 837
137 33
48 951
807 934
118 783
13 847
644 272
460 917
139 249
361 803
219 222
841 381
891 88
177 642
752 774
109 436
611 246
821 659
549 628
945 667
412 959
867 408
231 327
677 370
576 39
174 795
261 367
528 152
807 58
146 559
832 255
347 795
853 169
806 403
149 751
70 913
710 289
321 942
616 999
312 544
38 838
340 651
557 220
155 365
630 302
276 462
557 624
257 763
793 63
518 942
167 588
856 877
230 177
819 846
528 484
391 566
322 83
217 880
655 373
597 286
27 873
748 936
497 358
699 642
773 217
585 940
158 793
818 388
970 989
586 851
473 977
769 148
412 987
380 68
712 977
354 91
202 454
27 52
164 727
694 938
296 631
230 454
424 400
194 747
390 781
598 215
758 367
715 523
706 447
591 770
776 297
861 979
751 889
383 916
968 77
206 264
61 436
719 485
837 265
584 579
46 182
146 805
902 862
680 960
309 271
731 438
568 944
417 671
185 800
939 153
229 145
418 290
934 489
128 123
754 712
54 153
247 200
958 149
414 990
461 76
261 192
514 181
489 283
852 674
83 792
828 664
289 598
955 223
439 83
698 545
795 752
698 42
953 8
543 719
998 5
795 259
549 661
440 390
944 645
65 27
789 245
44 430
843 999
654 282
82 352
827 229
457 526
624 410
886 519
481 885
876 277
144 778
938 937
168 235
934 233
614 723
478 658
153 673
657 159
307 91
864 487
673 321
365 297
83 251
168 564
136 45
193 633
823 484
570 991
719 856
577 333
579 407
992 84
81 1
244 740
445 460
579 118
133 944
767 216
548 935
132 684
980 326
317 803
810 239
147 881
95 724
214 26
131 558
111 564
912 707
657 357
519 236
475 652
181 594
868 729
529 0
765 510
678 435
665 840
26 812
721 474
888 288
500 372
198 963
288 110
22 945
467 541
534 294
193 67
240 413
148 770
766 913
632 444
700 297
637 727
462 358
201 702
646 53
426 845
17 715
307 391
12 127
933 546
773 478
613 14
892 113
784 658
27 416
454 79
65 91
806 879
802 359
934 448
413 360
645 782
75 305
173 440
432 458
986 205
937 952
219 829
417 355
839 444
771 645
876 189
89 682
420 891
394 354
691 159
715 689
941 142
994 466
582 426
925 921
631 214
225 203
43 642
558 234
439 682
231 315
223 320
349 643
211 743
350 255
902 65
944 195
559 938
662 494
716 939
767 699
153 992
902 548
986 813
134 425
495 365
92 718
686 442
361 249
537 711
856 792
128 800
339 40
90 353
534 806
292 301
506 797
645 760
697 631
573 831
409 420
197 501
138 235
295 852
836 185
915 693
329 396
493 668
436 936
374 322
742 18
975 600
816 972
361 513
603 286
345 364
707 894
218 845
481 513
49 317
50 965
10 731
713 856
400 149
792 126
823 534
144 150
487 960
122 848
826 77
486 523
442 193
417 660
39 898
525 440
215 928
405 578
659 118
434 411
619 578
537 794
464 682
944 951
642 418
151 820
496 638
343 290
831 760
302 222
10 827
663 578
107 420
156 767
891 942
178 510
520 716
657 336
750 601
288 744
372 791
565 868
429 908
510 613
21 812
835 31
991 850
609 99
271 117
218 162
411 396
24 931
464 681
620 214
635 908
959 7
51 876
227 833
784 737
446 805
901 633
189 892
484 150
343 107
268 561
621 679
310 997
963 774
679 583
341 666
843 652
25 894
528 252
727 664
341 525
470 242
159 11
134 995
161 478
454 429
391 427
461 701
424 424
828 103
359 169
121 202
173 146
448 53
750 528
717 91
53 539
685 564
902 172
911 64
2 365
845 393
792 306
95 217
82 923
672 441
444 146
995 969
292 796
22 43
324 91
486 729
983 172
646 885
696 557
301 698
275 147
91 419
453 186
988 888
461 13
681 257
159 677
226 451
473 600
846 149
44 685
230 27
209 876
264 905
434 566
603 61
713 694
480 518
233 821
758 694
834 440
952 993
117 530
796 942
131 643
443 175
680 673
554 889
902 818
794 688
736 397
749 801
443 581
320 676
402 430
723 236
870 27
229 987
557 26
281 40
21 76
215 53
102 769
942 4
940 88
692 676
837 441
478 280
374 150
309 777
580 384
13 451
763 595
790 320
973 424
361 346
500 928
399 602
698 693
606 990
781 650
666 618
443 496
250 818
646 911
595 227
647 960
30 410
555 172
83 528
596 444
226 97
724 625
51 774
318 10
764 451
660 431
69 104
927 672
922 926
935 869
505 583
829 535
345 385
707 428
265 656
224 492
105 949
469 156
75 788
166 840
239 827
623 661
931 550
685 205
828 972
74 333
907 903
220 253
640 280
33 906
936 610
750 41
911 219
549 986
7 716
826 599
895 449
612 178
352 297
383 180
269 809
866 529
712 438
782 353
718 815
611 6
777 713
399 688
932 301
675 292
17 501
891 264
303 855
442 7
504 177
539 125
986 405
654 698
844 436
403 914
604 366
273 381
79 24
422 364
325 97
656 694
950 899
958 605
754 752
612 258
929 152
383 915
557 38
966 753
826 721
20 782
440 645
516 871
21 938
235 699
35 891
393 337
142 704
943 248
808 555
506 738
707 242
5 617
632 323
370 458
45 742
593 837
739 109
708 761
47 944
460 82
187 205
419 682
909 362
930 70
270 437
808 977
31 165
594 663
489 317
473 886
411 66
723 151
527 783
264 574
79 724
8 267
929 780
949 191
494 879
261 764
668 421
742 51
938 688
714 427
5 540
665 769
958 388
920 486
524 184
412 603
260 421
870 541
201 171
732 47
403 345
812 423
118 906
475 57
594 189
836 952
81 502
721 392
242 993
230 766
529 642
370 789
415 592
330 968
764 415
16 519
760 828
942 231
734 417
640 680
959 476
632 40
978 705
784 573
698 14
339 227
657 709
16 424
302 699
393 418
114 409
937 226
589 879
457 675
297 97
355 608
926 340
648 256
45 785
829 744
799 169
323 808
230 340
233 532
39 978
302 505
387 239
731 328
471 541
355 120
990 62
728 916
402 728
173 448
513 2
544 313
523 867
121 754
559 706
638 950
684 293
455 423
532 539
103 355
80 458
475 70
521 555
339 275
284 512
75 797
866 619
462 742
839 936
496 750
642 486
53 679
779 508
102 664
399 558
19 479
16 847
902 889
402 241
165 686
105 240
836 323
212 298
65 403
234 913
505 877
400 558
908 531
419 362
195 818
920 567
650 289
766 552
178 168
793 695
207 898
288 43
573 852
341 639
607 928
552 112
805 304
23 65
836 442
427 383
260 348
950 910
637 68
814 167
237 607
215 444
857 503
839 431
707 532
422 314
460 974
426 617
631 801
682 467
243 110
202 856
810 505
118 447
573 933
966 810
892 181
606 102
36 797
885 743
330 307
57 790
633 836
760 264
637 442
83 233
904 286
89 714
791 559
513 364
492 480
175 737
13 133
839 50
931 724
793 613
383 203
403 16
391 515
633 28
958 716
613 214
2 702
929 793
262 442
158 106
274 685
843 640
818 34
690 101
110 835
714 493
390 470
862 781
985 495
162 295
211 775
510 214
830 791
359 444
233 517
550 860
554 746
500 373
780 542
826 891
729 893
384 120
363 598
253 700
93 415
348 657
543 858
871 373
649 230
817 234
100 719
446 654
465 298
379 246
840 206
137 922
451 873
394 166
472 647
866 917
415 566
574 310
424 445
683 425
28 852
12 480
571 810
134 37
109 866
635 301
424 772
575 875
997 969
41 821
969 259
739 384
826 313
694 602
111 729
380 139
581 744
971 504
554 105
893 15
323 528
669 747
652 244
622 2
214 663
823 183
923 562
919 101
876 965
703 987
694 83
478 627
827 801
483 734
906 377
749 582
905 418
329 910
663 952
912 229
967 735
412 242
650 331
343 526
296 399
865 342
482 695
321 662
496 804
396 754
181 497
336 439
916 666
701 931
970 613
160 289
700 572
532 350
255 227
228 903
626 445
597 109
140 918
123 636
722 519
743 256
16 431
47 284
97 748
215 419
361 375
709 413
299 593
116 906
820 344
161 447
790 758
908 282
676 31
271 751
902 14
7 270
445 54
555 895
802 770
314 515
498 375
280 149
968 396
56 789
741 217
588 883
328 848
165 4
231 436
107 133
450 114
755 248
520 310
143 674
433 809
541 283
185 822
432 505
218 840
646 311
410 234
546 738
434 712
94 665
500 202
150 303
668 906
551 189
568 46
863 353
207 405
636 392
579 421
250 797
261 896
461 671
483 7
761 917
71 856
935 572
410 437
227 78
695 778
267 264
176 483
617 383
240 606
128 819
27 378
616 640
274 429
312 757
789 425
27 860
281 962
784 43
399 11
122 95
141 389
711 317
224 680
701 464
286 829
283 313
559 252
954 833
681 618
943 822
395 970
35 29
284 171
72 35
183 194
482 676
936 193
346 160
874 47
625 512
228 908
826 139
512 132
972 194
102 915
368 497
237 403
526 521
575 599
557 110
145 39
786 81
585 132
242 811
531 867
323 111
127 501
250 640
985 575
186 87
842 554
937 80
310 815
953 885
414 862
347 912
254 133
993 839
618 235
650 501
454 325
613 934
827 215
926 812
790 112
252 985
18 189
65 680
4 18
917 771
233 264
683 487
750 676
326 368
264 328
221 70
653 186
4 480
402 930
645 544
394 897
529 765
438 946
445 442
317 363
565 550
627 248
37 729
277 363
449 893
43 671
963 696
857 320
529 611
602 526
508 997
423 37
114 861
336 559
655 653
274 221
203 254
821 240
983 450
955 433
343 350
456 659
46 665
979 927
277 581
453 137
930 228
174 396
441 862
308 97
515 582
670 70
188 843
310 172
294 617
957 989
319 765
648 366
430 627
645 59
561 451
196 843
679 723
240 121
585 548
218 101
482 240
171 671
83 834
195 377
803 504
367 123
269 367
841 51
347 838
111 908
289 307
103 969
30 695
90 968
243 660
421 78
252 944
101 335
778 296
65 934
152 784
409 421
151 250
824 498
440 935
758 730
595 214
699 977
909 141
945 505
801 366
935 53
311 36
740 441
684 157
727 836
941 136
609 445
738 433
295 179
721 406
909 316
620 960
293 881
101 239
386 254
957 321
659 620
709 399
414 393
557 141
581 850
630 190
295 368
976 591
899 697
997 160
13 969
120 658
850 573
897 589
827 207
262 486
827 972
238 593
365 795
735 299
997 365
489 293
85 465
236 337
514 233
497 879
554 970
538 404
543 787
345 371
994 608
209 174
580 447
767 297
594 854
596 592
571 438
885 9
255 121
346 770
706 195
649 260
165 187
16 709
327 362
432 321
322 641
847 254
89 967
551 683
821 500
627 393
290 512
402 545
985 100
667 43
295 669
655 461
208 672
522 535
386 954
209 708
947 56
962 36
23 865
72 197
717 699
942 7
564 344
905 901
796 924
297 91
593 952
904 802
976 426
689 362
732 898
422 680
307 384
68 330
250 140
879 319
192 821
327 108
517 584
361 313
508 658
405 102
963 309
256 939
88 297
654 820
196 76
500 503
813 569
185 415
61 65
734 605
886 413
65 404
997 779
69 506
789 474
960 752
136 216
44 224
513 698
396 61
126 897
916 939
818 102
354 231
167 89
189 405
502 254
161 500
33 231
358 175
57 318
927 193
886 323
769 751
21 518
165 148
767 81
439 585
183 794
168 702
883 357
108 737
612 269
589 997
852 947
172 910
617 452
455 503
775 577
607 149
95 772
649 862
205 88
799 389
882 967
443 117
325 551
855 289
173 444
638 377
744 163
287 361
615 95
217 742
672 176
243 119
300 892
981 505
333 132
246 567
99 690
685 776
593 892
65 118
688 704
496 784
867 135
146 834
230 715
928 254
243 524
373 543
768 706
48 101
838 295
669 290
985 706
66 930
950 484
49 638
540 545
423 759
680 921
945 263
988 873
517 231
397 891
774 518
949 174
619 140
821 640
430 158
698 848
89 648
332 138
639 872
35 414
631 67
687 576
330 675
802 848
258 551
91 384
69 392
558 41
532 380
681 962
890 732
811 979
380 143
469 371
368 504
137 351
572 824
928 902
851 82
102 109
633 545
493 55
938 404
96 470
136 129
785 26
861 596
6 594
91 475
317 811
332 455
163 904
631 443
158 483
877 613
592 862
158 438
917 448
842 365
271 330
495 56
356 708
4 714
654 447
190 324
259 522
779 774
778 410
569 936
245 446
901 838
308 412
628 226
860 822
591 483
152 438
891 860
499 895
575 505
695 117
829 306
991 960
80 769
371 649
57 616
95 959
806 755
371 786
981 583
608 925
419 112
715 310
973 214
558 548
720 253
665 901
911 656
862 343
777 233
992 834
201 439
145 360
546 868
146 528
804 107
805 223
219 520
885 192
735 443
740 807
48 757
708 959
765 570
302 894
155 646
729 709
437 226
69 984
447 567
864 251
674 669
826 894
541 63
86 628
507 179
435 907
288 496
219 54
418 873
948 574
872 29
635 661
608 56
997 55
623 861
658 298
882 836
544 424
899 982
52 758
161 840
18 802
336 237
208 754
462 508
680 334
890 315
996 498
371 993
905 347
207 915
997 89
751 541
865 2
523 270
761 37
110 779
839 798
368 47
904 830
907 585
165 797
252 513
295 976
506 552
323 65
467 672
155 570
213 372
573 88
642 686
125 752
817 316
902 185
715 807
15 623
744 532
420 996
45 68
324 904
972 999
969 440
671 476
10 236
201 935
325 843
621 802
948 438
471 850
975 538
657 991
161 401
523 934
750 921
354 426
177 326
426 146
118 449
975 481
38 176
416 363
19 390
517 319
828 988
170 156
527 179
147 40
581 22
326 683
295 32
461 472
359 239
619 477
689 946
310 79
122 727
442 493
117 311
813 297
652 335
453 531
514 952
571 447
327 250
482 622
282 944
95 993
183 66
823 224
364 133
303 838
860 97
331 329
409 496
979 61
183 784
592 698
737 515
145 64
765 980
38 400
924 485
393 107
903 216
332 267
350 635
105 562
733 789
892 494
637 223
907 821
7 499
519 744
366 16
160 484
996 551
884 920
36 277
380 940
494 712
559 196
699 665
758 784
454 650
630 91
873 537
264 233
388 783
977 755
152 490
239 148
393 123
421 429
400 801
721 246
865 281
442 916
298 201
701 104
203 683
547 429
221 812
662 609
947 991
716 99
833 955
248 226
430 669
8 183
822 81
429 687
714 224
955 12
777 656
468 332
692 16
761 913
180 775
874 127
119 591
227 304
546 827
883 977
848 891
512 670
324 941
709 39
517 664
403 294
673 872
627 365
240 740
630 772
868 504
899 987
95 478
643 994
657 526
323 505
417 835
527 94
128 588
133 646
605 888
292 630
760 271
995 352
364 977
476 232
481 376
571 929
206 214
923 864
741 598
721 510
433 601
604 913
189 737
911 146
626 556
776 738
827 123
443 191
100 919
423 934
647 994
215 854
561 138
70 302
88 143
812 873
96 417
786 286
506 698
784 484
606 561
575 433
36 18
625 137
937 400
423 937
747 638
143 308
128 565
962 216
708 126
89 805
895 227
443 402
277 227
238 883
140 813
317 177
831 294
666 121
46 89
410 793
727 553
453 207
118 767
423 178
894 864
983 789
91 778
543 369
358 782
252 850
947 921
27 131
567 693
252 614
134 14
759 213
567 565
420 685
332 843
863 578
59 199
368 151
977 263
872 687
397 476
538 345
398 565
476 965
611 80
931 97
94 691
311 661
256 83
698 940
279 913
519 338
112 239
489 442
854 713
129 252
190 667
597 940
585 73
905 548
505 189
997 599
880 308
612 488
744 310
780 23
223 651
361 688
242 203
130 97
916 611
349 458
631 946
398 568
371 656
116 876
845 113
827 77
774 439
565 870
101 697
893 324
349 606
364 591
161 494
40 430
458 389
888 89
687 287
657 410
943 125
286 788
590 465
217 364
904 782
586 5
831 479
682 532
438 46
476 599
893 516
29 351
906 918
440 945
557 97
356 852
222 994
640 812
460 857
529 716
991 467
722 174
947 756
707 737
154 183
336 47
699 366
398 957
636 190
903 545
639 259
397 213
253 389
378 65
598 259
782 589
726 504
115 25
612 822
762 766
357 99
814 409
817 564
366 805
107 621
350 746
880 747
960 486
136 338
551 734
597 333
675 675
189 142
701 153
965 463
920 674
914 86
83 83
2 802
240 109
423 942
856 656
689 168
142 177
858 45
263 807
731 938
482 272
81 183
426 398
999 698
424 265
784 508
701 786
662 941
248 85
884 456
741 925
624 235
455 482
633 718
289 364
9 123
636 90
659 62
840 658
760 264
275 896
124 328
35 138
270 283
224 506
91 317
783 715
905 238
549 538
957 190
254 966
313 242
408 972
657 600
982 417
216 610
666 693
938 53
831 560
688 407
66 779
725 202
494 982
440 395
872 749
585 126
67 898
368 475
871 25
427 205
795 644
815 813
337 754
866 520
314 554
928 733
685 5
935 179
987 727
926 859
829 511
337 896
409 57
724 632
435 151
838 230
795 653
395 484
407 261
5 722
167 933
807 852
938 94
383 277
821 309
488 650
820 825
899 581
234 623
214 669
774 404
251 922
57 646
406 817
907 763
539 426
48 698
630 338
792 13
615 965
674 455
616 846
632 867
428 867
490 994
536 616
398 788
538 807
786 297
624 46
412 515
472 461
213 103
799 5
468 767
971 143
222 939
989 855
806 769
722 648
115 610
264 513
750 155
673 537
804 297
583 216
813 407
29 26
862 829
384 331
596 707
826 170
998 167
25 156
937 99
804 404
62 420
270 812
575 943
701 731
240 636
948 53
44 977
432 906
158 168
589 106
227 415
277 225
583 654
381 872
106 537
276 168
957 546
332 885
489 34
616 82
22 916
487 66
246 271
325 404
439 914
863 666
330 492
243 265
146 624
489 604
161 765
772 471
664 457
708 505
843 324
587 865
593 427
284 839
698 609
595 490
523 458
508 205
950 752
822 449
728 311
53 242
77 178
713 93
635 421
598 830
97 538
695 42
965 979
881 15
588 829
505 464
639 14
21 590
118 844
391 846
155 444
88 584
974 153
29 609
926 628
439 24
518 487
418 483
466 300
850 407
481 356
871 120
722 244
62 840
88 453
686 596
250 127
532 224
280 562
834 559
542 625
935 60
464 353
895 931
653 745
690 486
453 913
607 175
157 669
15 598
123 54
194 373
181 78
949 813
640 135
372 534
761 307
946 577
661 193
508 666
291 550
153 744
463 112
920 621
781 287
219 256
341 765
981 874
843 931
688 836
66 60
370 179
368 669
757 381
862 617
47 153
168 552
898 631
664 170
604 798
457 175
54 151
292 388
25 488
319 713
324 737
126 46
917 846
67 26
227 930
643 626
83 811
179 333
795 195
503 399
993 313
927 48
816 219
436 841
707 107
907 383
844 33
782 113
231 849
139 810
131 783
436 215
946 967
900 741
163 756
493 508
69 772
556 885
991 344
78 51
803 985
786 0
370 920
113 601
122 253
411 253
388 200
820 334
167 721
428 682
477 921
191 898
693 99
135 36
796 213
439 599
199 578
599 921
850 65
523 972
318 286
226 706
486 398
392 6
471 820
688 948
741 879
198 786
331 333
175 127
547 966
78 98
544 30
19 395
95 894
719 413
533 297
471 19
696 863
25 167
684 66
468 777
297 666
916 628
352 443
107 899
409 186
349 306
216 720
53 311
615 124
76 500
422 899
519 470
114 897
637 798
315 457
928 612
476 196
241 828
639 348
79 400
886 428
58 454
148 463
765 115
588 193
615 10
92 487
480 559
384 469
357 699
279 637
663 755
185 256
935 824
957 14
577 843
442 987
298 942
451 415
58 39
609 673
49 53
160 881
612 896
702 322
947 981
311 611
88 497
867 23
673 824
37 602
20 831
590 318
774 41
733 832
80 694
857 481
100 18
714 64
266 416
738 214
750 402
177 838
899 44
214 924
221 251
527 241
435 469
911 209
510 996
393 942
43 250
775 143
620 489
559 887
257 650
453 359
52 630
198 303
26 412
227 599
15 106
840 450
575 103
11 437
100 404
379 143
7 506
638 627
347 549
866 957
199 319
316 251
301 866
554 680
630 134
279 646
240 472
448 168
575 812
605 27
568 337
170 575
843 160
555 543
710 421
500 261
93 168
513 746
35 419
426 665
553 706
663 794
530 464
314 105
628 919
133 196
256 655
772 452
816 327
347 878
100 199
139 193
367 4
940 402
424 718
68 977
424 83
123 954
547 789
412 175
709 545
724 317
552 848
121 368
527 468
598 627
667 738
173 387
742 465
789 518
183 209
848 960
293 323
266 192
113 678
720 822
575 796
491 128
644 613
848 171
433 447
150 453
537 323
840 279
788 629
150 324
191 998
284 836
321 902
380 434
581 100
608 508
248 100
988 892
65 837
63 498
636 214
951 173
889 143
804 30
125 954
354 316
304 990
504 626
892 884
412 825
337 21
334 585
121 322
478 186
511 893
36 499
459 340
672 701
483 829
731 960
135 85
276 440
427 132
418 319
17 182
145 354
203 831
939 676
505 769
214 17
15 251
868 474
943 541
175 426
722 258
739 209
695 367
649 122
500 419
442 517
602 939
871 157
122 162
834 627
932 48
996 299
651 865
125 594
758 301
373 480
911 112
689 607
479 691
729 979
462 523
496 64
814 719
222 936
882 408
564 166
456 912
465 108
777 590
54 535
243 427
367 507
539 409
114 19
100 195
998 562
719 495
979 533
566 553
822 448
961 738
966 769
650 431
229 428
374 284
315 969
711 683
476 251
92 942
622 544
138 620
458 857
467 437
742 34
342 564
834 303
302 801
73 305
584 302
733 310
938 400
280 650
435 108
253 527
51 875
423 189
495 882
398 315
671 140
701 14
57 535
317 711
336 742
16 273
397 101
583 335
854 215
337 289
676 590
169 727
465 592
268 313
474 666
980 146
158 681
512 567
216 829
279 905
924 647
178 673
101 113
8 307
329 698
596 5
288 765
84 106
358 704
771 184
370 103
682 880
784 194
448 352
376 79
257 652
78 787
325 531
253 685
838 934
383 435
291 24
200 375
482 910
79 605
447 801
708 129
681 492
676 481
844 404
560 454
56 639
593 381
522 846
418 361
780 802
796 71
178 348
798 660
259 229
617 58
30 325
187 64
169 215
545 365
619 458
819 675
449 765
408 971
611 827
332 744
981 128
167 159
829 966
171 440
195 788
498 578
465 37
994 634
253 539
999 872
349 171
900 798
936 308
770 899
487 454
643 820
935 811
331 764
129 502
204 676
642 54
254 107
91 600
741 344
140 93
569 489
264 469
640 200
129 410
99 969
864 743
789 151
906 121
915 387
975 471
63 618
525 670
725 617
270 819
313 762
912 882
252 176
351 244
728 833
654 827
802 870
922 591
22 180
712 289
567 688
761 631
658 638
301 735
255 923
554 569
686 818
803 290
346 155
534 74
988 540
902 790
762 176
733 136
357 798
426 924
838 539
555 496
177 208
231 785
484 138
706 170
308 509
812 655
16 346
729 356
886 983
498 648
160 232
785 869
382 563
793 220
454 701
68 983
261 299
768 745
789 826
267 98
688 79
105 56
425 834
413 663
170 911
664 682
495 449
551 877
364 696
449 818
397 517
801 11
169 922
756 958
100 376
408 788
455 513
845 233
700 610
896 870
873 560
552 721
361 455
598 725
151 48
895 549
565 697
912 734
619 20
45 719
396 805
860 852
319 57
85 19
667 333
241 892
894 145
613 607
600 564
685 751
612 580
652 529
277 916
616 248
937 13
968 333
818 180
185 489
237 622
860 256
956 101
148 202
598 114
809 198
678 494
302 642
427 306
523 704
223 139
953 160
504 273
493 323
453 31
812 690
5 25
298 961
126 446
515 77
560 325
275 238
171 929
232 598
236 756
655 811
247 960
971 752
233 816
427 38
199 239
80 205
616 378
518 743
824 34
820 737
711 447
327 882
729 560
833 317
316 840
128 563
800 451
667 385
619 94
423 819
686 503
376 302
881 894
45 57
928 217
794 639
17 474
874 98
386 59
415 702
899 543
617 51
346 285
436 965
731 859
136 417
714 512
720 947
759 117
4 687
687 151
679 56
625 553
154 11
964 569
65 863
464 34
914 810
671 702
127 403
913 616
820 627
480 892
574 239
10 930
279 697
433 958
105 58
863 259
421 827
828 838
690 644
225 956
806 896
658 285
651 571
901 824
550 734
716 476
973 78
758 604
127 192
562 232
602 777
491 376
604 671
214 646
315 791
602 121
688 612
407 691
535 660
867 437
394 584
913 720
14 672
324 142
216 239
374 818
16 218
194 621
889 761
619 557
552 574
30 592
186 789
284 74
450 151
511 196
87 777
916 102
801 593
596 17
832 322
835 200
892 382
173 134
143 793
691 695
367 721
640 553
863 924
979 313
427 491
861 867
268 778
321 421
723 917
438 907
591 273
107 484
655 281
618 150
74 661
198 441
734 838
346 597
114 326
910 541
169 124
760 789
902 81
210 977
350 648
884 942
273 991
778 281
624 396
783 698
57 981
491 791
819 190
389 933
868 651
827 389
775 587
178 29
21 740
358 371
740 242
665 365
586 443
998 210
839 782
261 248
763 104
392 935
646 133
868 514
136 47
255 264
635 433
293 656
525 4
379 265
246 45
983 184
488 981
747 680
763 8
280 879
464 672
814 111
805 34
977 294
82 233
558 69
18 203
725 544
207 456
161 454
501 496
990 342
478 737
22 593
745 302
824 562
327 990
673 132
25 2
426 459
235 336
528 254
540 605
150 747
61 663
553 915
160 544
257 638
281 279
583 379
933 408
941 260
750 966
745 775
968 523
586 204
860 466
810 400
423 312
147 837
975 53
752 487
597 9
477 878
640 61
609 573
821 550
186 571
516 931
699 837
454 285
393 314
104 203
66 527
867 566
364 842
619 116
330 568
477 159
798 117
220 408
43 41
310 229
965 827
512 664
664 966
301 409
633 405
612 51
933 479
617 649
673 588
766 355
156 595
515 307
713 87
715 108
481 25
689 446
204 201
462 220
519 763
629 504
521 593
556 806
424 525
455 450
466 573
805 974
169 672
281 234
112 348
342 593
374 31
391 930
584 853
151 103
968 132
608 489
726 164
647 150
41 103
600 507
28 758
482 197
782 763
431 246
112 125
839 838
508 582
120 92
435 271
196 756
404 156
597 482
672 245
984 713
700 937
221 728
47 55
278 829
170 61
76 634
187 267
824 47
850 945
140 637
216 688
745 972
196 343
806 868
588 791
581 640
728 154
368 127
561 998
956 732
60 384
718 247
4 543
646 206
488 138
843 56
826 589
381 374
284 187
242 224
330 176
864 410
682 584
537 244
583 846
328 643
230 46
242 586
589 888
792 429
379 988
486 205
929 867
932 213
406 174
789 737
350 653
147 33
589 685
629 172
531 957
167 113
3 761
700 945
2 844
374 381
832 860
938 761
79 870
326 486
45 115
223 747
120 370
132 710
407 761
234 290
718 754
404 74
515 104
19 517
300 393
250 133
606 189
246 685
411 573
171 456
688 746
556 161
469 688
871 876
450 457
167 168
211 923
594 727
379 613
596 679
359 199
812 317
388 59
2 799
984 526
608 24
624 516
185 93
204 408
322 654
866 841
175 77
764 769
156 143
735 105
822 446
304 987
763 692
46 117
843 382
995 803
406 620
319 592
65 876
0 387
882 866
228 57
296 344
179 452
487 266
557 310
712 861
649 827
905 695
944 101
77 940
256 835
912 928
427 329
804 780
717 686
998 297
96 294
642 275
747 481
893 656
791 957
518 792
784 775
487 728
876 916
20 133
104 284
61 531
614 865
663 683
903 662
980 999
956 974
626 55
456 519
712 599
828 582
392 612
357 231
693 586
500 65
719 604
350 132
487 316
349 151
999 252
165 331
604 121
306 230
529 762
102 241
361 930
175 105
543 532
337 588
118 837
653 189
793 3
321 280
671 22
783 670
627 948
2 231
422 308
461 951
422 915
544 135
198 71
241 741
603 930
681 74
119 334
263 912
690 937
544 361
311 328
32 938
628 386
169 50
694 983
353 468
898 249
603 96
320 196
189 924
478 222
350 597
557 965
861 247
254 406
960 566
86 992
504 714
378 26
765 424
9 470
244 259
720 200
708 40
396 249
316 227
472 18
824 29
984 686
628 238
92 588
156 178
933 13
244 663
39 361
440 400
832 684
11 552
884 719
944 633
321 613
860 793
631 36
174 615
722 154
206 166
742 714
696 27
727 941
691 118
302 131
870 486
815 882
390 52
953 335
37 274
948 897
419 931
285 945
899 8
99 457
526 194
171 223
221 251
516 264
721 170
747 592
657 915
826 399
967 779
734 4
406 34
253 177
318 538
123 217
898 574
674 425
768 197
0 342
800 868
958 522
38 706
466 47
621 292
447 940
423 533
944 181
568 549
359 238
439 834
455 690
408 481
467 529
678 467
223 479
335 181
353 725
887 819
773 860
463 220
800 886
753 744
420 673
645 131
911 437
965 718
127 725
199 946
254 230
413 477
709 100
11 62
825 898
233 950
759 696
170 559
934 276
656 354
301 653
485 565
442 802
283 921
528 835
867 134
65 632
612 774
732 623
188 910
873 773
212 984
469 735
896 403
11 552
110 664
557 947
229 0
750 865
921 630
700 789
764 117
773 728
243 858
351 431
768 577
204 332
913 25
67 809
780 430
713 890
95 271
838 676
623 940
541 896
570 593
37 334
710 811
63 953
669 766
736 789
695 292
121 609
317 189
418 98
971 132
988 66
755 178
95 730
118 636
626 688
582 16
375 292
827 438
598 848
204 334
637 900
979 110
509 296
651 279
746 623
763 87
41 870
265 136
600 736
125 579
424 707
595 799
351 774
589 301
622 794
636 611
46 615
73 907
263 725
186 10
700 302
97 741
172 714
230 125
450 355
704 227
414 299
378 765
73 968
67 47
114 55
658 512
22 731
419 285
808 957
647 508
611 96
602 784
811 832
909 261
539 965
840 953
264 219
718 689
539 137
88 5
192 746
517 566
829 288
204 638
597 851
498 209
948 100
345 759
284 606
372 823
571 565
776 187
136 847
876 675
984 316
32 529
62 549
447 891
189 651
881 138
503 380
699 803
832 44
914 117
2 286
292 573
203 69
760 339
268 988
366 604
304 398
485 718
299 933
962 840
584 843
979 439
575 678
242 408
75 156
877 77
795 169
651 998
590 763
690 858
104 56
815 408
807 300
479 106
233 441
947 170
636 278
609 212
956 204
972 31
360 201
461 507
722 464
506 313
227 548
523 331
604 690
92 763
991 571
222 576
364 169
98 0
799 708
564 755
264 888
139 976
89 952
484 812
416 342
477 643
890 352
327 846
43 771
610 386
342 832
962 58
353 61
58 152
121 975
259 737
863 750
713 305
702 197
469 118
891 946
114 781
650 441
980 45
212 590
431 906
774 746
964 479
807 374
983 280
349 594
17 213
697 730
518 399
280 339
870 171
285 984
305 287
777 285
333 341
227 764
247 353
510 563
832 669
937 167
301 639
113 670
204 810
753 74
210 33
413 432
556 50
416 861
337 545
498 22
886 725
139 485
78 649
48 262
671 337
781 324
328 895
995 532
705 748
606 267
133 19
699 689
421 467
903 759
12 401
781 898
127 920
383 557
922 783
820 945
473 953
269 801
848 616
686 906
364 292
173 849
664 873
891 85
340 794
196 705
195 330
603 674
602 339
584 876
474 756
821 299
709 443
453 558
59 139
464 776
783 989
625 447
214 516
885 555
662 433
612 210
763 215
236 366
906 820
242 381
576 416
680 638
211 133
548 270
624 364
398 408
353 376
207 568
244 444
475 907
878 87
117 993
654 705
711 561
526 306
294 454
722 326
92 933
812 992
555 436
356 954
196 710
682 404
630 926
848 457
833 78
544 302
72 550
8 783
111 886
89 757
692 163
84 785
448 248
777 4
684 486
310 233
548 992
637 178
270 837
635 456
916 531
758 340
433 118
123 897
356 565
654 49
728 90
186 177
338 315
533 375
801 195
608 349
539 597
879 809
434 514
265 702
397 376
42 831
846 518
728 203
83 734
252 163
825 438
692 515
753 225
242 907
772 850
256 311
799 136
121 586
2 386
288 752
114 683
935 961
201 15
164 636
749 416
799 926
206 844
442 311
421 684
218 194
887 827
505 686
963 626
624 317
365 913
69 479
596 4
792 149
371 956
785 121
724 936
47 282
780 841
594 202
878 164
748 765
991 253
803 306
232 428
624 949
693 45
428 641
402 573
790 773
529 927
894 254
863 294
888 644
487 482
198 365
647 946
482 990
551 286
297 783
66 921
732 759
318 513
400 720
86 542
846 967
469 740
573 332
386 462
328 874
944 878
239 943
824 74
286 728
360 583
511 778
856 596
537 174
109 289
247 547
183 93
514 652
185 88
336 572
550 665
798 846
895 389
142 72
463 428
800 175
363 311
953 219
907 842
745 368
483 992
915 666
437 782
318 623
222 7
547 772
24 345
970 919
86 464
991 902
244 791
77 607
455 31
178 714
225 924
83 709
268 350
375 706
484 46
329 706
53 876
830 429
573 801
348 11
617 340
913 862
483 991
821 938
374 0
5 951
924 88
660 544
790 388
250 275
786 579
333 191
807 164
620 732
317 320
96 934
12 9
148 496
352 970
786 78
970 791
30 246
231 42
790 374
782 41
1 920
972 334
111 132
498 83
216 815
404 312
102 416
674 250
264 378
220 403
457 190
546 839
788 778
233 579
504 368
972 505
288 296
191 400
780 690
835 997
857 239
661 959
8 687
210 272
66 430
675 875
973 222
714 113
352 299
44 856
667 368
713 956
665 904
708 797
946 543
146 804
135 808
115 143
847 325
767 913
108 795
788 433
369 854
546 721
154 591
929 173
959 994
129 976
250 837
774 197
733 920
353 220
80 468
715 928
794 482
841 254
629 982
687 998
836 233
71 342
824 0
516 136
346 997
112 597
187 886
146 920
807 499
492 239
967 207
167 113
689 361
367 671
343 54
669 531
640 741
226 816
93 742
952 440
739 65
389 926
303 535
198 462
34 690
702 353
249 221
467 291
582 186
962 925
593 631
809 233
372 35
49 818
777 354
258 868
771 647
147 426
534 697
889 568
740 943
921 989
164 388
280 747
927 242
24 520
226 833
105 950
868 506
768 997
860 378
218 983
377 365
410 911
62 299
479 154
594 753
144 758
493 776
505 420
371 530
940 597
715 45
547 584
904 668
933 764
46 151
748 776
516 510
687 931
161 519
437 755
624 581
513 117
710 371
890 81
253 830
678 968
228 577
904 132
597 838
248 996
989 348
772 858
858 811
141 19
682 578
774 306
512 640
424 574
11 314
655 264
496 685
584 76
262 489
560 212
679 161
208 20
509 332
230 720
143 371
91 826
302 866
132 166
858 908
740 221
574 747
485 71
432 421
499 46
262 412
258 941
573 818
314 434
150 544
154 294
268 246
472 922
464 956
440 322
217 180
543 791
927 380
214 711
153 66
757 416
478 368
709 51
186 23
837 337
568 992
983 188
590 807
110 406
115 550
80 332
82 623
124 361
355 690
72 860
756 181
276 234
549 338
637 736
361 827
425 281
171 760
821 761
567 931
167 682
833 599
15 915
574 491
276 929
181 700
789 290
882 418
876 431
108 866
519 469
693 944
103 864
704 924
625 623
208 144
306 41
743 673
957 317
516 585
598 697
286 739
339 168
509 216
951 617
82 471
439 775
415 894
639 472
170 616
95 378
112 753
772 207
426 729
876 942
666 826
992 952
917 331
472 427
899 424
396 981
895 835
108 662
81 99
134 252
67 582
982 531
335 754
738 762
835 966
56 502
144 48
806 62
732 279
841 983
55 237
317 302
425 425
964 506
877 451
110 944
33 93
828 720
847 918
482 683
885 891
537 29
939 343
443 23
974 284
7 29
522 324
683 947
101 0
805 978
451 916
275 836
361 103
556 208
373 391
243 258
634 780
640 925
124 83
949 98
368 308
480 242
984 163
541 85
163 346
416 966
614 43
154 975
498 63
536 871
806 779
482 440
912 122
365 36
557 666
486 277
974 966
519 958
482 412
396 997
111 812
316 725
207 470
53 705
885 589
576 691
720 410
483 632
884 849
20 442
867 507
71 842
825 943
152 659
355 548
657 466
712 325
544 919
147 597
624 33
538 553
76 610
963 560
595 200
761 615
994 628
122 65
822 300
8 975
959 716
523 968
534 236
645 78
507 793
27 132
826 917
37 254
528 352
814 123
552 927
738 546
908 213
964 730
865 324
57 176
40 933
497 575
169 142
5 28
935 33
160 113
950 549
368 830
254 534
953 806
462 44
705 722
609 669
804 474
993 862
650 386
795 499
313 316
642 318
344 577
351 857
691 654
406 59
484 660
945 790
819 759
834 876
481 443
545 286
269 890
500 271
276 295
771 589
611 413
260 307
990 963
164 33
617 923
444 454
935 390
244 754
149 78
630 983
873 527
621 142
418 121
413 46
416 184
988 379
597 600
686 940
563 203
325 533
126 770
987 413
512 231
168 13
661 150
348 534
30 969
676 800
90 89
198 858
626 186
589 223
138 628
515 702
831 841
235 309
963 222
722 475
805 242
840 466
745 189
0 775
510 28
927 601
117 125
811 95
312 401
319 450
29 186
504 212
27 739
873 342
313 595
169 118
190 10
936 287
551 288
414 61
316 341
14 786
466 826
881 130
579 552
933 608
739 437
172 118
529 45
461 842
992 630
313 534
992 601
821 543
890 235
605 206
576 619
344 395
797 226
525 376
778 458
336 869
896 508
988 777
553 449
971 898
431 636
432 424
238 606
967 128
193 924
686 122
896 31
517 693
257 42
70 387
853 406
257 749
267 245
878 172
46 849
70 477
486 855
253 724
813 573
204 6
497 242
128 393
273 645
439 882
688 861
270 893
619 879
994 886
476 872
59 522
721 481
351 207
688 605
283 501
178 839
508 27
82 636
773 355
634 212
590 674
73 212
567 692
91 561
931 567
433 342
89 506
175 792
66 864
397 349
717 927
189 225
955 623
214 728
978 848
940 920
522 365
132 89
409 223
2 340
790 435
34 231
941 210
376 359
426 773
709 143
701 250
369 8
873 935
736 203
783 28
124 657
745 256
98 154
832 100
847 974
887 233
558 180
443 934
540 869
707 601
13 760
203 734
120 76
669 856
631 804
236 107
813 333
716 911
840 548
363 39
522 602
272 80
782 68
14 674
937 74
275 302
186 478
388 307
906 409
515 890
565 104
997 378
437 713
641 277
613 4
316 488
606 941
920 741
9 287
415 298
361 43
953 899
873 341
558 780
103 74
670 668
530 19
47 319
85 688
597 698
45 265
186 3
206 459
744 567
746 512
866 459
555 819
358 428
512 269
560 615
695 582
284 225
602 683
544 687
723 493
737 768
111 276
772 317
735 868
237 833
380 103
292 287
274 2
716 786
271 276
754 966
211 390
191 813
425 88
852 148
581 589
269 692
217 41
362 952
261 951
785 642
54 429
929 680
432 997
818 703
626 572
670 837
962 213
650 387
653 502
888 235
443 157
279 661
550 993
965 811
944 103
453 350
532 735
30 964
732 849
20 358
773 42
195 88
255 197
827 261
699 715
848 495
224 479
508 774
473 473
586 769
928 391
120 461
126 502
777 859
703 797
217 477
839 765
917 447
962 744
708 14
460 556
861 36
35 369
811 860
194 397
630 123
140 102
584 267
956 361
478 660
159 47
489 350
812 406
797 127
150 857
141 962
765 2
999 153
371 162
13 917
911 995
40 51
449 976
670 406
338 148
Difficult posts (M): 2349
Difficulty (D): 1.6
2
3
9
10
13
15
17
19
20
28
29
30
31
33
34
37
38
39
41
45
47
48
51
55
56
59
62
64
69
70
71
73
75
77
78
82
83
84
85
86
87
88
89
91
92
93
97
98
101
102
105
106
109
111
112
113
115
116
117
119
126
128
129
132
133
135
136
138
139
140
144
146
148
151
152
153
156
161
163
165
166
167
168
169
175
176
177
178
179
180
182
184
185
187
188
189
193
197
198
200
204
205
209
210
212
213
215
216
217
218
222
224
228
230
233
235
236
238
239
242
243
245
246
248
249
252
253
254
261
262
272
273
279
280
281
284
291
293
294
295
297
298
301
302
304
306
308
309
313
315
316
317
318
319
321
322
324
327
328
331
332
333
340
341
343
344
347
348
352
354
357
360
361
362
371
375
378
380
381
386
391
392
393
394
395
397
400
403
406
410
412
413
414
417
418
420
421
422
426
427
433
434
435
437
440
443
446
450
454
462
463
464
465
466
467
469
470
477
480
482
486
490
491
493
494
495
499
503
505
513
515
517
522
524
527
530
531
535
536
540
542
546
550
551
553
554
555
559
561
567
571
572
574
575
578
582
585
586
587
589
590
592
594
597
598
601
603
604
608
609
612
613
615
620
621
626
629
630
631
639
640
641
642
644
647
651
658
661
663
665
668
669
670
672
675
677
680
683
686
687
689
690
691
692
696
701
703
706
709
712
717
725
726
727
728
729
730
732
733
734
735
742
743
745
748
749
753
754
756
758
765
766
767
769
771
773
774
775
777
778
779
780
782
783
788
791
793
795
796
797
798
800
801
804
805
807
808
811
814
816
817
822
823
824
827
831
833
836
838
841
845
846
847
848
849
851
853
854
855
857
858
860
861
863
864
867
869
870
872
876
879
880
883
884
887
889
890
894
896
898
903
904
906
907
909
910
911
912
914
918
919
920
921
922
923
926
928
929
932
933
934
935
938
941
942
945
946
947
950
951
952
953
955
956
964
965
967
968
969
970
971
973
976
978
981
982
985
986
988
989
993
994
995
996
998
1001
1003
1005
1006
1007
1008
1009
1012
1013
1014
1015
1018
1019
1022
1025
1026
1027
1033
1036
1037
1039
1043
1044
1048
1052
1053
1055
1057
1060
1063
1065
1067
1068
1071
1074
1076
1077
1078
1083
1085
1086
1088
1089
1093
1094
1096
1097
1098
1101
1102
1103
1104
1105
1106
1110
1111
1112
1114
1118
1119
1122
1125
1127
1133
1134
1139
1142
1146
1147
1148
1149
1151
1152
1155
1158
1161
1163
1164
1165
1167
1168
1169
1174
1175
1178
1180
1182
1184
1187
1189
1190
1191
1192
1193
1194
1196
1198
1199
1203
1206
1207
1209
1215
1221
1223
1224
1227
1228
1229
1230
1231
1234
1237
1238
1239
1244
1246
1248
1250
1252
1255
1258
1259
1261
1262
1265
1269
1271
1272
1274
1278
1281
1284
1285
1288
1290
1291
1292
1295
1296
1297
1300
1301
1305
1306
1308
1315
1317
1321
1324
1325
1326
1328
1330
1332
1334
1335
1336
1342
1345
1348
1353
1354
1356
1357
1360
1364
1365
1366
1367
1370
1373
1376
1379
1383
1385
1386
1387
1388
1389
1390
1391
1392
1394
1396
1397
1398
1400
1401
1402
1404
1405
1406
1407
1409
1413
1415
1419
1420
1425
1426
1427
1431
1432
1436
1437
1438
1439
1440
1441
1442
1444
1446
1450
1451
1452
1456
1457
1458
1459
1462
1463
1465
1467
1468
1474
1475
1478
1479
1480
1481
1482
1485
1487
1489
1491
1492
1495
1496
1497
1498
1501
1502
1503
1505
1507
1511
1512
1513
1516
1517
1519
1521
1524
1526
1527
1530
1531
1532
1534
1537
1538
1542
1543
1545
1546
1548
1555
1557
1558
1559
1560
1561
1562
1563
1566
1571
1572
1573
1576
1577
1579
1580
1581
1584
1585
1588
1590
1593
1594
1601
1606
1607
1614
1617
1620
1621
1623
1624
1625
1628
1634
1636
1638
1640
1641
1642
1645
1647
1648
1652
1653
1656
1657
1660
1661
1662
1663
1665
1669
1670
1671
1672
1673
1674
1675
1676
1677
1679
1680
1681
1682
1683
1684
1687
1690
1694
1696
1697
1705
1707
1709
1710
1712
1713
1714
1715
1721
1726
1727
1733
1736
1739
1742
1743
1747
1751
1754
1758
1759
1760
1762
1763
1765
1766
1768
1769
1771
1772
1773
1775
1776
1779
1780
1782
1783
1785
1787
1788
1789
1793
1794
1796
1798
1801
1803
1805
1807
1808
1809
1811
1813
1815
1818
1820
1821
1824
1827
1829
1831
1834
1835
1836
1842
1844
1845
1850
1854
1855
1857
1859
1862
1864
1871
1877
1878
1879
1880
1881
1882
1885
1888
1892
1894
1897
1899
1900
1901
1906
1907
1908
1910
1912
1913
1914
1916
1917
1918
1919
1921
1926
1928
1929
1930
1931
1933
1934
1937
1941
1942
1944
1945
1946
1947
1951
1952
1956
1959
1960
1962
1963
1966
1967
1968
1969
1971
1972
1974
1979
1982
1984
1985
1986
1987
1991
1992
1993
1994
1996
1998
2000
2001
2004
2007
2008
2014
2015
2017
2018
2019
2021
2023
2027
2030
2031
2032
2033
2039
2042
2044
2047
2051
2052
2054
2055
2060
2061
2063
2069
2071
2072
2073
2074
2075
2076
2077
2080
2081
2085
2086
2089
2090
2092
2094
2097
2098
2099
2103
2104
2110
2112
2115
2116
2119
2123
2124
2125
2126
2129
2133
2135
2136
2137
2138
2145
2146
2151
2152
2154
2155
2158
2160
2162
2165
2167
2168
2178
2181
2184
2185
2188
2189
2190
2191
2192
2194
2196
2200
2201
2202
2204
2205
2206
2207
2210
2211
2212
2213
2216
2219
2221
2223
2227
2228
2231
2233
2234
2235
2236
2238
2239
2240
2241
2246
2247
2248
2249
2250
2252
2253
2260
2262
2264
2266
2269
2270
2274
2275
2278
2282
2283
2284
2288
2289
2291
2293
2294
2297
2300
2301
2302
2308
2311
2313
2316
2317
2318
2319
2320
2323
2324
2325
2326
2327
2328
2329
2333
2336
2337
2339
2341
2343
2345
2347
2351
2355
2358
2361
2365
2366
2369
2373
2374
2381
2386
2388
2389
2390
2391
2393
2396
2398
2399
2400
2401
2402
2404
2405
2407
2408
2409
2410
2411
2414
2415
2418
2420
2421
2423
2424
2426
2430
2431
2433
2434
2435
2437
2438
2439
2440
2441
2442
2443
2444
2445
2446
2447
2448
2450
2452
2455
2458
2460
2462
2463
2467
2469
2473
2477
2478
2479
2480
2481
2484
2486
2488
2490
2491
2495
2496
2498
2499
2500
2502
2504
2506
2509
2511
2512
2513
2514
2518
2519
2520
2522
2525
2526
2527
2530
2531
2533
2537
2540
2541
2543
2544
2545
2546
2547
2548
2551
2552
2554
2556
2560
2566
2568
2570
2571
2572
2574
2575
2576
2577
2578
2583
2584
2585
2587
2591
2593
2596
2598
2600
2601
2604
2605
2612
2614
2615
2617
2620
2621
2622
2624
2625
2628
2629
2630
2633
2636
2639
2640
2641
2643
2646
2648
2649
2651
2653
2654
2655
2658
2662
2664
2666
2667
2673
2674
2676
2677
2680
2683
2684
2686
2688
2692
2693
2694
2695
2696
2698
2699
2701
2704
2705
2707
2708
2709
2713
2714
2716
2717
2720
2722
2723
2725
2727
2729
2730
2731
2734
2736
2737
2738
2740
2742
2743
2744
2749
2752
2755
2756
2757
2758
2762
2767
2770
2771
2775
2778
2786
2787
2788
2790
2795
2796
2797
2799
2800
2801
2802
2804
2807
2808
2811
2813
2817
2821
2822
2823
2824
2825
2832
2838
2840
2842
2843
2845
2846
2847
2849
2850
2855
2856
2858
2859
2862
2869
2870
2871
2873
2875
2885
2886
2890
2891
2894
2895
2896
2900
2901
2903
2904
2906
2909
2910
2911
2913
2914
2915
2919
2921
2923
2925
2927
2928
2931
2934
2939
2944
2951
2956
2957
2958
2960
2961
2966
2967
2968
2970
2973
2978
2979
2980
2983
2984
2986
2987
2991
2992
2993
2994
2997
3000
3001
3002
3004
3006
3008
3012
3015
3017
3019
3020
3021
3023
3026
3027
3028
3030
3031
3032
3033
3034
3036
3037
3038
3039
3041
3042
3043
3047
3050
3051
3053
3058
3059
3060
3067
3068
3070
3071
3074
3079
3084
3086
3087
3090
3092
3095
3097
3100
3102
3103
3104
3107
3108
3109
3111
3114
3115
3116
3118
3123
3124
3125
3127
3128
3129
3130
3131
3133
3134
3135
3136
3138
3140
3143
3146
3147
3148
3150
3152
3158
3159
3165
3167
3169
3170
3171
3172
3173
3174
3176
3178
3180
3181
3182
3184
3186
3191
3192
3193
3199
3200
3205
3208
3211
3212
3214
3217
3220
3222
3223
3224
3231
3232
3234
3237
3238
3239
3240
3241
3243
3244
3246
3249
3251
3253
3254
3261
3262
3264
3266
3267
3269
3271
3275
3276
3277
3279
3281
3285
3286
3287
3289
3292
3293
3298
3300
3301
3304
3305
3306
3307
3308
3309
3311
3313
3314
3315
3316
3319
3321
3323
3325
3329
3331
3332
3333
3334
3336
3337
3339
3340
3342
3348
3349
3350
3352
3353
3354
3355
3359
3360
3361
3363
3365
3366
3367
3368
3372
3373
3374
3376
3377
3378
3381
3383
3384
3385
3386
3389
3390
3391
3392
3393
3394
3396
3399
3400
3402
3405
3413
3417
3419
3423
3424
3430
3432
3434
3441
3443
3445
3447
3448
3450
3453
3459
3460
3462
3469
3470
3473
3475
3481
3484
3487
3491
3495
3497
3498
3505
3506
3507
3510
3514
3515
3518
3526
3528
3529
3530
3534
3535
3536
3538
3539
3543
3544
3545
3547
3549
3555
3558
3559
3562
3564
3566
3567
3569
3570
3572
3573
3575
3577
3580
3583
3584
3586
3591
3592
3593
3597
3599
3600
3604
3606
3607
3608
3609
3610
3611
3614
3615
3620
3622
3623
3626
3627
3630
3634
3635
3636
3637
3638
3639
3640
3641
3642
3644
3645
3649
3653
3654
3655
3656
3657
3659
3661
3662
3663
3664
3665
3667
3668
3669
3673
3678
3679
3684
3686
3687
3689
3690
3694
3696
3698
3700
3701
3702
3703
3705
3711
3712
3714
3724
3725
3729
3730
3731
3732
3733
3734
3735
3737
3738
3739
3741
3743
3746
3749
3752
3754
3755
3757
3758
3760
3763
3765
3767
3769
3770
3771
3774
3775
3777
3780
3781
3782
3784
3785
3789
3796
3797
3798
3802
3804
3806
3807
3809
3810
3811
3812
3816
3817
3819
3823
3824
3825
3829
3832
3833
3834
3840
3841
3844
3847
3851
3853
3854
3855
3857
3858
3864
3865
3867
3869
3872
3873
3877
3878
3879
3883
3886
3887
3891
3892
3895
3896
3900
3901
3902
3903
3904
3905
3906
3907
3916
3921
3925
3926
3927
3929
3932
3933
3935
3936
3937
3939
3942
3944
3947
3948
3949
3954
3958
3961
3966
3967
3970
3972
3973
3975
3976
3977
3980
3981
3982
3985
3989
3991
3998
3999
4000
4001
4003
4008
4009
4011
4012
4013
4017
4018
4021
4022
4023
4026
4028
4030
4031
4033
4034
4036
4037
4039
4042
4044
4046
4047
4049
4050
4052
4062
4068
4069
4070
4071
4076
4077
4079
4084
4085
4086
4089
4091
4099
4103
4107
4108
4115
4116
4117
4118
4119
4120
4122
4125
4127
4130
4131
4136
4137
4138
4140
4142
4143
4150
4151
4154
4161
4163
4164
4166
4168
4169
4174
4175
4177
4178
4179
4180
4181
4185
4187
4190
4192
4195
4201
4202
4203
4204
4206
4208
4209
4213
4214
4217
4219
4220
4221
4226
4232
4233
4241
4242
4243
4248
4251
4253
4254
4258
4259
4260
4264
4265
4266
4268
4269
4270
4271
4272
4273
4277
4279
4282
4283
4285
4286
4287
4292
4293
4294
4295
4296
4300
4302
4303
4305
4306
4308
4310
4311
4313
4324
4326
4327
4328
4330
4336
4338
4339
4340
4341
4342
4347
4348
4350
4352
4358
4360
4365
4366
4368
4369
4370
4371
4372
4374
4376
4377
4379
4380
4381
4382
4383
4384
4385
4391
4392
4393
4394
4396
4397
4402
4403
4405
4406
4409
4411
4414
4422
4425
4426
4427
4428
4430
4431
4434
4436
4438
4441
4444
4445
4446
4447
4448
4450
4452
4454
4458
4459
4460
4461
4465
4467
4468
4469
4472
4473
4476
4477
4478
4480
4481
4484
4487
4489
4491
4492
4493
4496
4498
4499
4501
4502
4503
4504
4507
4508
4510
4511
4512
4513
4515
4516
4518
4521
4525
4527
4528
4531
4532
4533
4534
4535
4536
4538
4540
4542
4543
4547
4557
4560
4561
4564
4565
4567
4570
4572
4573
4575
4576
4578
4580
4587
4588
4589
4592
4593
4596
4597
4600
4601
4602
4603
4607
4610
4611
4612
4613
4617
4618
4622
4624
4625
4627
4628
4631
4634
4635
4639
4641
4644
4646
4647
4648
4649
4654
4656
4658
4661
4662
4663
4665
4667
4668
4669
4670
4671
4672
4674
4676
4677
4682
4683
4684
4687
4688
4690
4691
4692
4694
4698
4703
4704
4707
4708
4709
4710
4712
4713
4716
4717
4720
4721
4723
4725
4726
4731
4736
4739
4740
4742
4748
4752
4753
4756
4757
4758
4759
4761
4762
4764
4767
4768
4769
4773
4774
4780
4782
4783
4784
4785
4788
4791
4794
4795
4798
4799
4803
4804
4805
4806
4810
4811
4813
4814
4818
4821
4822
4825
4826
4827
4829
4833
4834
4835
4837
4841
4842
4843
4845
4846
4847
4848
4849
4857
4859
4860
4862
4864
4865
4866
4868
4870
4871
4875
4876
4877
4878
4879
4880
4885
4889
4895
4899
4902
4903
4904
4909
4911
4913
4914
4916
4917
4919
4921
4924
4928
4929
4930
4933
4934
4935
4937
4938
4943
4944
4946
4950
4952
4956
4959
4961
4962
4964
4967
4968
4971
4972
4973
4979
4984
4986
4987
4990
4993
4994
4996
4997
4998
4999
